Company/Manufacturer,Product,Path/Bank,Preset,Notes
,,,,
Table of Contents,,,,
,,,,
JUMP TO:,Out of Control,Original Soundtrack,2023-03-24 00:00:00,
(links),Interstellar Journey,EP/Single,2023-04-25 00:00:00,
,Take the Journey,EP/Single,2023-04-26 00:00:00,
,Of Snow and Ember,Original Soundtrack,2023-05-02 00:00:00,
,Svah Sanishyu,Original Soundtrack,2023-07-19 00:00:00,
,Experience the Paths Vol.1,Trailer/Promotional Music,2023-10-27 00:00:00,
,Astral Theater Vol. 1,Original Soundtrack,2024-01-12 00:00:00,
,WHITE NIGHT,EP/Single,2024-01-27 00:00:00,
,Experience the Paths Vol.2,Trailer/Promotional Music,2024-04-13 00:00:00,
,INSIDE,EP/Single,2024-05-09 00:00:00,
,The Flapper Sinthome (Part 1),Original Soundtrack,2024-05-30 00:00:00,
,Had I Not Seen the Sun,EP/Single,2024-06-19 00:00:00,
,The Flapper Sinthome (Part 2),Original Soundtrack,2024-06-21 00:00:00,
,Experience the Paths Vol.3,Trailer/Promotional Music,2024-09-27 00:00:00,
,"No Dazzle, No Break",EP/Single,2024-10-22 00:00:00,
,Astral Theater Vol. 2,Original Soundtrack,2024-11-14 00:00:00,
,Nameless Faces,EP/Single,2025-01-02 00:00:00,
,Allegory of the Cave (Part 1),Original Soundtrack,2025-02-15 00:00:00,
,Experience the Paths Vol.4,Trailer/Promotional Music,2025-04-18 00:00:00,
,Allegory of the Cave (Part 2),Original Soundtrack,2025-03-24 00:00:00,
,Allegory of the Cave (Part 3),Original Soundtrack,2025-11-14 00:00:00,
,Let There Be Laughter (Part 1),Original Soundtrack,2026-03-13 00:00:00,
,Unreleased,,,
,,,,
Out of Control,,,,
,,,,
,,,,
,,,,
1. Star Rail,,,,♪ Fan
"BPM: 132,  Key: Dm",,,,
Live Recording: Orchestra,Art of Loong Orchestra,,,
Live Recording: Cello,Xiaolong Chen,,,
Native Instruments,Noire,NOIRE Pure,Basic Pure,
2. Space Walk,,,,♪ Eli.W
"BPM: 80,  Key: Dm",,,,
Live Recording: Electric Guitar,Gon,,,
,,,,
3. The Game Is On,,,,♪ Vinchi
"BPM: 110,  Key: Gm",,,,
,,,,
,,,,
4. fReeStyLE,,,,♪ Vinchi
"BPM: 128,  Key: Gm",,,,
,,,,
,,,,
5. Call of the Stars,,,,♪ Vinchi
"BPM: 140,  Key: Gb",,,,
Splice Sounds,Sounds of KSHMR Vol. 3,Drums -> Transitions -> Shaker_Transitions,KSHMR_Shaker_Transition_15,
Splice Sounds,Sounds of KSHMR Vol. 3,Drums -> Transitions -> Tambourine_Transitions,KSHMR_Tambourine_Transition_02,
,,,,
6. Science Fiction,,,,♪ Eli.W
"BPM: 86,  Key: Dm",,,,
Heavyocity,Damage 2,,,
,,,,software orchestra
7. Drift,,,,♪ Eli.W
"BPM: 90,  Key: Bm",,,,
Modartt,Pianoteq 7,Grand Steinway D,Steinway D Prelude,
Spectrasonics,Trilian,Bass Instruments,Trilian Ac 1 - Full Range All,
8. Crises,,,,♪ Eli.W
"BPM: 134,  Key: Fm",,,,
Live Recording: Orchestra,Art of Loong Orchestra,,,
Arturia,Analog Lab V,,,Synths
Heavyocity,Damage 2,D2 Loop Designer -> 01 All Star Loops (STR),All Star - Manhattan Car Chase,B4
Heavyocity,Damage 2,D2 Loop Designer -> 01 All Star Loops (STR),All Star - Modern Mystery (STR),"D4, E4, A#4"
Heavyocity,Damage 2,D2 Loop Designer -> 03 Hybrid Cinematic (STR),Hybrid Cinematic - Full Breakout Loops 03 (STR),C3
Heavyocity,Damage 2,D2 Loop Designer,,To be found
9. Flashpoint,,,,♪ Eli.W
"BPM: 141,  Key: Gm",,,,
Arturia,Analog Lab V,,,To be found
Heavyocity,Damage 2,D2 Loop Designer,,
Xfer Records,Serum,Leads,LD booty [AF],
10. Deep Within,,,,♪ Eli.W
"BPM: 75,  Key: Gm",,,,
Live Recording: Electric Guitar,Gon,,,
Arturia,Analog Lab V,Analog Lab Factory -> Sequence,Autumn Fireflies 1,
Arturia,Modular V3,Keys,Sample&hld,
Native Instruments,Session Strings 2,Sound,Session Strings,Pizzicato articulation
11. Flow Experience,,,,"♪ Eli.W, Gon"
"BPM: 85,  Key: G#m",,,,
Live Recording: Electric Guitar,Gon,,,
Spectrasonics,Trilian,Bass Instruments,,
,,,,
12. Mystery,,,,♪ Eli.W
"BPM: 110,  Key: Dm",,,,
Heavyocity,Damage 2,D2 Loop Designer -> 03 Hybrid Cinematic (STR),Hybrid Cinematic - Full Breakout Loops 01 (STR),"D#4, E4"
Spectrasonics,Trilian,Bass Instruments,,
,,,,software orchestra
13. Dire Straits,,,,♪ Eli.W
"BPM: 128,  Key: Gm",,,,
Heavyocity,Damage 2,D2 Loop Designer -> 03 Hybrid Cinematic (STR),Hybrid Cinematic - Full Breakout Loops 03 (STR),"C4, G#4"
,,,,software orchestra
,,,,
14. Alternative Rock,,,,♪ Eli.W
"BPM: 128,  Key: Gm",,,,
Live Recording: Electric Guitar,Gon,,,
XLN Audio,Addictive Drums 2,,,Maybe? Snare sounds like it's from the Black Velvet kits
,,,,possibly perc bell from heavyocity evolve
15. Dawn of Disaster,,,,♪ Eli.W
"BPM: 146,  Key: Am -> Gm",,,,
Live Recording: Orchestra,Art of Loong Orchestra,,,
Heavyocity,Damage 2,D2 Loop Designer -> 01 All Star Loops (STR),All Star - Manhattan Car Chase (STR),G4
Modartt,Pianoteq 7,Grand Steinway D,Steinway D Prelude,
16. Salty Moon,,,,♪ Eli.W
"BPM: 122,  Key: D",,,,
Spectrasonics,Trilian,Bass Instruments,,
,,,,
17. Timeline,,,,♪ Fan
"BPM: 56,  Key: F",,,,
Native Instruments,Una Corda,,,Sounds like it
,,,,
18. Take the Journey,,,,♪ Fan
"BPM: 148,  Key: Em",,,,
Live Recording: Vocal,Anthony Lynch,,,
Live Recording: Guitar,Anthony Lynch,,,
,,,,
,,,,
,,,,
,,,,
Of Snow and Ember,,,,
,,,,
,,,,
,,,,
1. Embers,,,,♪ Fan
"BPM: 98,  Time: 3/4,  Key: Cm",,,,
Live Recording: Orchestra,Art of Loong Orchestra,,,
Live Recording: Cello,Xiaolong Chen,,,
Live Recording: Guitar,江诗颖,,,
Live Recording: Vocal,"王皓, 张超俊, 苏美玲, 田佳, Fan",,,
2. Hearthfire,,,,♪ Gon
"BPM: 96,  Time: 3/4,  Key: Cm",,,,
Live Recording: Violin,Daniel HOPE,Giuseppe Guarneri del Gesù,"Cremona, 1742, “Wieniawski”",
Live Recording: Guitar,Gon,,,
Live Recording: Reinterpret,Daniel HOPE's team,,,
Toontrack,EZdrummer 2,EZdrummer 2 Modern,Basic,Used for the kick
3. Streets Abuzz,,,,♪ Fan
"BPM: 120,  Time: 3/4,  Key: Cm",,,,
Live Recording: Orchestra,Art of Loong Orchestra,,,
Live Recording: Cello,Xiaolong Chen,,,
Live Recording: Guitar,江诗颖,,,
Live Recording: Vocal,"王皓, 张超俊, 苏美玲, 田佳, Fan",,,
Live Recording: Vocal,Gon,,,Pitch shifted
Unfiltered Audio,Sandman Pro,,,idk if an effect plugin should be noted but they had this in the video
4. Faded Sun,,,,♪ Fan
"BPM: 104,  Time: 3/4,  Key: Cm",,,,
Live Recording: Orchestra,International Master Philharmonic Orchestra,,,
Heavyocity,Damage,02 Percussive Kits -> 02 Ethnic Drums,PERC Ethnic Ens Percussion,
5. Frosty Trail,,,,♪ Fan
"BPM: 110,  Key: Cm",,,,
Live Recording: Orchestra,Art of Loong Orchestra,,,
Live Recording: Cello,Xiaolong Chen,,,
6. Order,,,,♪ Gon
"BPM: 109,  Key: Cm",,,,
Heavyocity,Damage 2,D2 Ensemble Designer,,
Toontrack,EZdrummer 2,EZdrummer 2 Modern,Basic,
,,,,software orchestra
7. Braving the Cold,,,,♪ Fan
"BPM: 145,  Key: Cm",,,,
Live Recording: Orchestra,Art of Loong Orchestra,,,
Heavyocity,Damage,02 Percussive Kits -> 01 Epic Organic Drums,PERC Studio Armageddon Ens,
,,,,"vocal (solo female voice) not credited; not live, potentially could be found"
8. Warm Sun,,,,♪ Gon
"BPM: 99,  Time: 3/4,  Key: C",,,,
Live Recording: Orchestra,International Master Philharmonic Orchestra,,,
Live Recording: Violin,Ming Liu,,,
9. Sleep Tight,,,,♪ Sean
"BPM: 70,  Time: 3/4,  Key: D",,,,
Native Instruments,Una Corda,,,To check
,,,,software orchestra
,,,,
10. Silent,,,,♪ Fan
"BPM: 119,  Key: Cm",,,,
Live Recording: Guitar,江诗颖,,,
11. Cutting Mistral,,,,♪ Gon
"BPM: 121,  Time: 3/4,  Key: Cm",,,,
Live Recording: Orchestra,Art of Loong Orchestra,,,
Live Recording: Cello,Xiaolong Chen,,,
Live Recording: Guitar,Gon,,,
12. Tempered Cord,,,,♪ Yj.W
"BPM: 122,  Time: 3/4,  Key: Em",,,,
Live Recording: Orchestra,Art of Loong Orchestra,,,
Live Recording: Cello,Xiaolong Chen,,,
Live Recording: Guitar,Ye Fan,,,
Heavyocity,Damage 2,,,To be found
13. Dense Floe,,,,♪ Vinchi
"BPM: 160,  Key: Fm",,,,
,,,,software orchestra
,,,,
14. Traceless Drift,,,,♪ Yj.W
"BPM: 108~,  Time: 3/4,  Key: Cm",,,,
Live Recording: Violin,Yue Zhu,,,
Live Recording: Guitar,Ye Fan,,,
15. Ghost From the Past,,,,♪ Gon
"BPM: 75,  Key: Cm",,,,
Spectrasonics,Omnisphere,Guitars,Double-Tracked 6-Strings a,Has weird delay effect
,,,,
16. Sinking Hoarfrost,,,,♪ Fan
"BPM: 120,  Key: Cm",,,,
Live Recording: Orchestra,International Master Philharmonic Orchestra,,,
Live Recording: Vocal,"王皓, 张超俊, 苏美玲, 田佳, Fan",,,
Heavyocity,Damage,02 Percussive Kits -> 02 Ethnic Drums,PERC Ethnic Ens Percussion,
17. Kindling,,,,♪ Gon
"BPM: 119 / 158.67,  Key: Cm",,,,
Live Recording: Orchestra,Art of Loong Quartet,,,
Live Recording: Guitar,Gon,,,
Spectrasonics,Omnisphere,Guitars,Flamenco Guitar - Mandolin Duo,
Spectrasonics,Omnisphere 2,Spotlight - EDM -> Synth Bass,Swagger Bass 2,High passed
Spectrasonics,Trilian,ARP + BPM,Electric Train Trip 1,Played at 119 BPM
18. Underground,,,,♪ Fan
"BPM: ,  Key: Cm",,,,
Live Recording: Orchestra,Art of Loong Orchestra,,,
Live Recording: Vocal,"王皓, 张超俊, 苏美玲, 田佳, Fan",,,
Heavyocity,Damage,02 Percussive Kits -> 04 Hybrid FX Hits,PERC Low Drum Skin FX,A2
Heavyocity,Damage,02 Percussive Kits -> 02 Ethnic Drums,PERC Ethnic Ens Percussion,
Native Instruments,Rise & Hit,03 - Hybrid Sounds,Hungry Shark,
19. Blaze,,,,♪ TSAR
"BPM: ,  Key: Em",,,,
Live Recording: Orchestra,International Master Philharmonic Orchestra,,,
reFX,FL Slayer,,POWER Dire Straits,Filtered
Splice Sounds,Sounds of KSHMR Vol. 3,FX_Elements -> KSHMR_Industrial_Grime,KSHMR_Industrial_Grime_15_149_E,First kick is only used
20. Conflict Undraped,,,,♪ Gon
"BPM: ,  Key: Am",,,,
Live Recording: Violin,Yue Zhu,,,
Toontrack,EZdrummer 2,EZdrummer 2 Modern,Basic,
,,,,synth bass potentially hive 2
21. Crystal Tears,,,,♪ Fan
"BPM: ,  Key: Cm",,,,
Live Recording: Orchestra,Art of Loong Orchestra,,,
Live Recording: Vocal,"王皓, 张超俊, 苏美玲, 田佳, Fan",,,
22. Lingering Heat,,,,♪ Yj.W
Live Recording: Cello,Xiaolong Chen,,,
Live Recording: Guitar,Ye Fan,,,
23. Thick Haze,,,,♪ Fan
"BPM: ,  Key: Cm",,,,
Live Recording: Orchestra,International Master Philharmonic Orchestra,,,
Live Recording: Vocal,"王皓, 张超俊, 苏美玲, 田佳, Fan",,,
Heavyocity,Damage,02 Percussive Kits -> 02 Ethnic Drums,PERC Ethnic Ens Percussion,
Heavyocity,Damage,,,To be found
24. Godfather,,,,♪ Fan
"BPM: ,  Key: Cm",,,,
Live Recording: Orchestra,Art of Loong Orchestra,,,
Live Recording: Guitar,Gon,,,
Live Recording: Vocal,"王皓, 张超俊, 苏美玲, 田佳, Fan",,,
Heavyocity,Damage,02 Percussive Kits -> 02 Ethnic Drums,PERC Ethnic Ens Percussion,
25. Eternal Freeze,,,,♪ Fan
"BPM: ,  Key: Em",,,,
Live Recording: Violin,Yiying Zhang,,,
,,,,
26. Everwinter,,,,♪ Fan
"BPM: ,  Key: Am",,,,
Live Recording: Orchestra,Art of Loong Orchestra,,,
Live Recording: Cello,Xiaolong Chen,,,
27. Frozen March,,,,♪ Fan
"BPM: ,  Key: Dm",,,,
Live Recording: Orchestra,International Master Philharmonic Orchestra,,,
Live Recording: Electric Guitar,Gon,,,
Live Recording: Vocal,"王皓, 张超俊, 苏美玲, 田佳, Fan",,,
Heavyocity,Damage,01 Rhythmic Suites -> Loop Menus,LPS Epic Tech Elements 01,G#5
Heavyocity,Damage,02 Percussive Kits -> 02 Ethnic Drums,PERC Ethnic Ens Percussion,
Position Music,Danger Impact - Sound Design Vol. 1,06. Hit Rips,47. Sideways,
u-he,Hive 2,02 Poly Leads,MC Mango,
28. Fate,,,,♪ Fan
"BPM: ,  Key: Gm",,,,
Live Recording: Orchestra,International Master Philharmonic Orchestra,,,
u-he,Hive 2,01 Basses,MC Moo B,
u-he,Hive 2,02 Poly Leads,MC Mango,
u-he,Hive 2,04 Keys & Classic,AZ Lullaby,
u-he,Hive 2,Transmitting Spheres -> 02 Keys & Leads,Key Dyno Rhodes,
u-he,Hive 2,ZaBong - Hive Slice 1,ARP Berlin Pluck 1,
?,?,,SnowWind,Seen in project file track names
29. A Trap With No Return,,,,"♪ Gon, Fan"
"BPM: ,  Key: Bm",,,,
Live Recording: Orchestra,Art of Loong Orchestra,,,
Live Recording: Guitar,Gon,,,
Live Recording: Vocal,Jonathan Steingard,,,
Native Instruments,Rise & Hit,06 - Into the Void,Disappearing Bells,
Toontrack,EZdrummer 2,EZdrummer 2 Modern,Basic,
u-he,Hive 2,01 Basses,HS Sub-30,
30. Wildfire,,,,♪ Gon
"BPM: ,  Key: Bm",,,,
Live Recording: Guitar,Gon,,,
Live Recording: Vocal,Jonathan Steingard,,,
Native Instruments,Rise & Hit,06 - Into the Void,Disappearing Bells,
Toontrack,EZdrummer 2,EZdrummer 2 Modern,Basic,Layered with a different kit
,,,,
,,,,
,,,,
,,,,
Svah Sanishyu,,,,
,,,,
,,,,
,,,,
1. Anthropic Domain,,,,♪ Fan
Live Recording: Orchestra,Art of Loong Orchestra,,,
Live Recording: Pipa,Wenqing Shi,,,
Live Recording: Guzheng,Jiajia Shi,,,
Live Recording: Paigu,李承颖,,,
Live Recording: Cello,Xiaolong Chen,,,
Live Recording: Vocal,"王皓, 张超俊, 苏美玲, 田佳, Fan",,,
Apple,Sampler,Orchestral -> Percussion,Orchestral Kit,Roto toms
u-he,Repro-5,06 Keys - Brass & Strings,EH Dark Tuba,
2. Lustrous Moonlight,,,,♪ Fan
Live Recording: Orchestra,Art of Loong Orchestra,,,
Live Recording: Guzheng,Jiajia Shi,,,
Live Recording: Dizi,Jiannan Gu,,,
Live Recording: Erhu,Jiajun Ma,,,
Live Recording: Pipa,Wenqing Shi,,,
u-he,Diva,2 LEAD,HS Space Ocarina,
u-he,Hive 2,03 Mono Leads,ST Slow Attacker,low pass filter
3. Thundering Chariot,,,,"♪ Yj.W, Gon"
Live Recording: Orchestra,Art of Loong Orchestra,,,
Live Recording: Pipa,Wenqing Shi,,,
Live Recording: Electric Guitar,Gon,,,
Heavyocity,Damage 2,D2 Loop Designer -> 01 All Star Loops (STR),All Star - Manhattan Car Chase,"F3, D4"
ProjectSAM,Symphobia,Brass -> Brass Section -> Effects,Repetitions,
ProjectSAM,Symphobia,World -> World Winds Phrases,Native American Flute Phrases,Note: F2
Toontrack,EZdrummer 2,EZdrummer 2 Modern,Basic,
4. Cumulus Formations,,,,♪ Fan
Live Recording: Orchestra,Art of Loong Orchestra,,,
Live Recording: Pipa,Wenqing Shi,,,
Live Recording: Daruan,Wenqing Shi,,,
Live Recording: Guzheng,Jiajia Shi,,,
Live Recording: Paigu,李承颖,,,
Live Recording: Vocal,"王皓, 张超俊, 苏美玲, 田佳, Fan",,,
u-he,Hive 2,01 Basses,XS Warm 808 Sub,
u-he,Hive 2,01 Basses,HS Breaker Bass,
u-he,Repro-1 ,01 Basses,CK Dogtooth,
5. Ave Astra et Viator,,,,♪ Fan
Live Recording: Orchestra,Art of Loong Orchestra,,,
Live Recording: Pipa,Wenqing Shi,,,
Live Recording: Daruan,Wenqing Shi,,,
Live Recording: Guzheng,Jiajia Shi,,,
Live Recording: Paigu,李承颖,,,
Live Recording: Erhu,Jiajun Ma,,,
Live Recording: Vocal,Fan,,,
Apple,Drum Machine Designer,Electronic Drum Kit,Bright Bass House,To confirm
Heavyocity,Damage,,,Maybe?
u-he,Hive 2,01 Basses,XS Warm 808 Sub,
6. Warden of Jade,,,,♪ Fan
Live Recording: Orchestra,Art of Loong Orchestra,,,
Live Recording: Guzheng,Jiajia Shi,,,
Live Recording: Cello,Xiaolong Chen,,,
Apple,Sampler,Orchestral -> Strings,Full Strings+,To confirm
EastWest,Symphonic Orchestra,Perc -> Metals,Orch chimes,
,,,,software vocal (solo female voice)
7. Into the Breach,,,,♪ Yj.W
Live Recording: Orchestra,Art of Loong Orchestra,,,
Heavyocity,Damage 2,D2 Loop Designer -> 02 Organic Cinematic (STR) ,Organic Cinematic - Breakout Full Loops 02 (STR),"A1, A4"
Native Instruments,Spotlight Collection: East Asia,Percussion China,Bangu,
,,,,"pipa/guzheng not live, possibly Ample"
8. Hunter's Intuition,,,,♪ Yj.W
Heavyocity,Damage 2,,,
Vengeance Sound,VPS Avenger,Cinematic 1 -> Arp,AR Seventeen Years,Melody A and Melody B parts played solo across the track
Vengeance Sound,VPS Avenger,Effects Trance -> Sequences,SQ Short Fill 1,
Vengeance Sound,VPS Avenger,Factory -> Synth,SY Haunted Horn,pitch envelope disabled
,,,,
9. Transient Jubilation,,,,♪ Eli.W
Ample Sound,Ample China Qudi,Presets,Default,video
Ample Sound,Ample China Zheng,Presets,Default,
Spectrasonics,Stylus RMX,Classic Stylus -> Tambourines,92-Tambourine,Edited loop
Spectrasonics,Trilian,Bass Instruments,Trilogy Acoustic - Full Range,
Toontrack,Americana EZX,,,
10. Upon the Firmament,,,,♪ Fan
Live Recording: Orchestra,Art of Loong Orchestra,,,
Live Recording: Guzheng,Jiajia Shi,,,
u-he,Repro-5,06 Keys - Brass & Strings,EH Dark Tuba,
11. Exquisite Ingenuity,,,,♪ Yj.W
Heavyocity,Damage 2,D2 Loop Designer -> 01 All Star Loops (STR),All Star - Manhattan Car Chase (STR),"C3, C4, F4"
,,,,"software orchestra, ample pipa?"
12. Fabulous Foresight,,,,♪ Yj.W
EastWest,Symphonic Orchestra,Perc -> Metals,Orch chimes,
Vengeance Sound,VPS Avenger,Factory -> Sequences,SQ Living Spirits,Arp and Drums disabled
Vengeance Sound,VPS Avenger,Trance One -> Arp,AR Black Lotus,Slightly modified sequence
Vengeance Sound,VPS Avenger,Trance One -> Pads,PD Band Clusters,
Vengeance Sound,VPS Avenger,,,"To be found, plays after Black Lotus"
13. Divine Camaraderie,,,,♪ Gon
Live Recording: Orchestra,Art of Loong Orchestra,,,
Live Recording: Violin,Yue Zhu,,,
Live Recording: Cello,Xiaolong Chen,,,
14. Blade Abracadabra,,,,♪ Yj.W
Heavyocity,Damage 2,D2 Loop Designer -> 02 Organic Cinematic (STR),Organic Cinematic - Mid Loops (STR),G1
Vengeance Sound,VPS Avenger,The Stand -> Sequences,SEQ - Velvet,Drums muted
,,,,software orchestra
15. Into the Desolate,,,,♪ Yj.W
Live Recording: Orchestra,Art of Loong Orchestra,,,
Live Recording: Xiao,Jiannan Gu,,,
EastWest,Symphonic Orchestra,Perc -> Metals,,To be found
Heavyocity,Damage 2,D2 Loop Designer -> 01 All Star Loops (STR),All Star - Manhattan Car Chase (STR),"D1, C#3, F#4, A#4"
,,,,
16. Deerstalker,,,,♪ Vinchi
Live Recording: Orchestra,Art of Loong Orchestra,,,
Splice Sounds,Sounds of KSHMR Vol. 3,Drums -> Tambourine_Transitions,KSHMR_Tambourine_Transition_02,
,,,,ample qudi?
17. Skyedge Voyage,,,,♪ Gon
Heavyocity,Damage 2,D2 Ensemble Designer -> 01 All Star Presets,Armageddon 2 (17),
Spectrasonics,Omnisphere,Keyboards,Dream Pianoceleste,
Spectrasonics,Omnisphere,Keyboards,Infinite Celeste,
Spectrasonics,Trilian,Bass Instruments,Chapman Stick Sustain,
u-he,Repro-1,02 Leads,CK The Voice,
u-he,Repro-1,02 Leads,HS Ocarina Yodel,
,,,,software orchestra
18. Severed Harmony,,,,♪ Yj.W
Live Recording: Erhu,Jiajun Ma,,,
Live Recording: Xiao,Hua Wang,,,
Vengeance Sound,VPS Avenger,Cinematic 1 -> Pads,PD Melancholy,
Vengeance Sound,VPS Avenger,Factory -> Pads,PD Exoplanet,
,,,,
19. Terrene Deliverance,,,,♪ Gon
Live Recording: Guzheng,申依静,,,
,,,,
20. Serene Stroll,,,,♪ Fan
Spectrasonics,Keyscape,Acoustic Pianos,LA Custom C7 Grand Piano,
,,,,
21. Evanescent Dreams,,,,♪ Yj.W
Live Recording: Matouqin,Haitao Li,,,
Strezov Sampling,Rhodope 2: Ethnic Bulgarian Choir,-,Rhodope2 SyllaBuilder,
Vengeance Sound,VPS Avenger,Cinematic 1 -> Pads,PD Melancholy,
,,,,ample pipa/zheng?
22. Mokshasatya,,,,♪ Yj.W
Live Recording: Orchestra,Art of Loong Orchestra,,,
Live Recording: Matouqin,Haitao Li,,,
Strezov Sampling,Rhodope 2: Ethnic Bulgarian Choir,-,Rhodope2 Eh Legato,
,,,,
23. Sanctus Medicus Dharani,,,,♪ Yj.W
Live Recording: Orchestra,Art of Loong Orchestra,,,
Live Recording: Matouqin,Haitao Li,,,
Best Service,Ethno World Instruments,BOWED INSTRUMENTS -> BOWED PSALTRY,Bowed Psaltery KEY,unsure
Heavyocity,Damage 2,D2 Loop Designer -> 01 All Star Loops (STR),All Star - Industrial Cinematic (STR),F3
Strezov Sampling,Rhodope 2: Ethnic Bulgarian Choir,-,Rhodope2 SyllaBuilder,Sustain Syllable Controls
Vengeance Sound,VPS Avenger,Cinematic 2 -> Drums,DL Heatbeat,"Deep, Perc, Stick, and Sub muted"
,,,,
24. A Brew of Storm,,,,♪ Eli.W
Live Recording: Guzheng,申依静,,,
Heavyocity,Damage 2,,,To be found
Heavyocity,Damage 2,D2 Loop Designer -> 01 All Star Loops (STR),All Star - Manhattan Car Chase (STR),C#3
25. Gleaming Clash,,,,♪ TSAR
Live Recording: Orchestra,Art of Loong Orchestra,,,
Strezov Sampling,Rhodope 2: Ethnic Bulgarian Choir,-,Rhodope2 SyllaBuilder,Staccato Syllable Controls
,,,,ample qudi/dongxiao?
26. Erstwhile Resonance,,,,♪ Wei.C
Live Recording: Matouqin,Haitao Li,,,
,,,,
27. Obscured Pearls,,,,♪ Fan
Live Recording: Orchestra,International Master Philharmonic Orchestra,,,
Live Recording: Guzheng,申依静,,,
Live Recording: Guqin,Jingyu Fang,,,
Live Recording: Erhu,Jiajun Ma,,,
EastWest,Symphonic Orchestra,Perc -> CymGong,22 Cymbal,
EastWest,Symphonic Orchestra,Perc -> Metals,Celesta,
EastWest,Symphonic Orchestra,Perc -> Metals,Orch chimes,Reverbed
28. Arteria Inceptionis,,,,♪ Fan
Live Recording: Orchestra,Art of Loong Orchestra,,,
Live Recording: Erhu,Jiajun Ma,,,
Live Recording: Xiao,Jiannan Gu,,,
29. Pedujara (all 3 phases),,,,♪ Vinchi
Live Recording: Vocal,舞乐蝉歌艺术工作室,,,
Live Recording: Orchestra,International Master Philharmonic Orchestra,,,
30. Samudrartha,,,,"♪ Fan, Gon, Vinchi"
Live Recording: Orchestra,Art of Loong Orchestra,,,
Live Recording: Vocal,"优素, Eli.W",,,
Live Recording: Guqin,Jingyu Fang,,,
,,,,
,,,,
,,,,
,,,,
Astral Theater Vol. 1,,,,
,,,,
,,,,
,,,,
1. Paean of Indulgence,,,,♪ Yj.W
Live Recording: Dizi,Jiannan Gu,,,
Best Service,Ethno World Instruments,WOODWIND AND BRASS,Kena KEY,
Best Service,Ethno World Instruments,WORLD PERCUSSION -> WOOD PERCUSSION,Wooden Bells,
2. Night Bazaar in Full Glow,,,,♪ Yj.W
Live Recording: Dizi,Hua Wang,,,
Vengeance Sound,VPS Avenger,BigTone 1 -> Arp,AR Glibbery When Wet,
Vengeance Sound,VPS Avenger,BigTone 2 -> Arp,AR Occasional Triplet Beauty,unsure
,,,,
3. Whispers of Departure,,,,♪ Yj.W
Live Recording: Dizi,Hua Wang,,,
,,,,
4. Wedding Wine,,,,♪ Yj.W
Live Recording: Vocal,姚徐依,,,
5. Nesting Avians,,,,♪ Yj.W
Native Instruments,Spotlight Collection: East Asia,Percussion Korea,Kkwaenggwari,
,,,,
6. Above The Fray,,,,♪ Fan
Live Recording: Guqin,Jingyu Fang,,,
7. Haunting Hoots,,,,♪ Yj.W
Best Service,Ethno World Instruments,BOWED INSTRUMENTS -> DILRUBA,Dilruba FX,G3
Best Service,Ethno World Instruments,WOODWIND AND BRASS -> VARIOUS FLUTE FX,Various Flute FX,"D3, C3"
,,,,
8. Dancing Fantasms,,,,♪ Jing.W
Live Recording: Orchestra,International Master Philharmonic Orchestra,,,
Live Recording: Vocal,姚徐依,,,
Best Service,Ethno World Instruments,WOODWIND AND BRASS -> VARIOUS FLUTE FX,Various Flute FX,"A1, C2, B2, C3, A3, B3"
Heavyocity,Damage 2,D2 Loop Designer -> 01 All Star Loops (STR),All Star - Manhattan Car Chase,G#3
9. Age of Innocence,,,,♪ Yj.W
Live Recording: Violin,Yue Zhu,,,
,,,,software orchestra
10. Age of Opulence,,,,♪ Jing.W
Live Recording: Violin,Yue Zhu,,,
Live Recording: Orchestra,International Master Philharmonic Orchestra,,,
Spectrasonics,Omnisphere,Keyboards,Infinite Celeste,
,,,,
11. A Gentleman's Fantasy,,,,"♪ Laetus.L, Fan"
Live Recording: Violin,Rui Liu,,,
Live Recording: Orchestra,International Master Philharmonic Orchestra,,,
EastWest,Symphonic Orchestra,Perc -> CymGong,22 Cymbal,
,,,,
12. In Disbelief,,,,♪ Eli.W
Xfer Records,Serum,Plucked,PL Nothing Special [DRK],
,,,,
13. Aberrant Receptacle,,,,♪ Eli.W
Heavyocity,Damage,02 Percussive Kits -> 05 Damage Kits,PERC Bad A Krunch Kit,
Xfer Records,Serum,,,
,,,,software orchestra
14. Primordial Resplendence,,,,♪ Eli.W
,,,,
,,,,
15. Subterranean Enigma,,,,♪ TSAR 
,,,,software orchestra
,,,,
16. Everwinter's Collection,,,,♪ Yj.W
Live Recording: Orchestra,Art of Loong Orchestra,,,
Live Recording: First Violin,Yiying Zhang,,,
Live Recording: Second Violin,张慧,,,
Live Recording: Viola,Yizhu Mao,,,
Live Recording: Cello,Xiaolong Chen,,,
17. Sleepwalking,,,,♪ Eli.W
,,,,
,,,,
18. Neuropulse,,,,♪ Gon
,,,,
,,,,
19. Lurking Dread,,,,♪ Hao
,,,,
,,,,
20. Shadows of Enigma,,,,♪ Gon
Spectrasonics,Stylus RMX,,,"To be found, might be wrong"
,,,,
21. Oneiros of Borehole Planet,,,,♪ Laetus.L
,,,,"every time i browse bell presets, this track comes to mind"
,,,,bane of my existence
22. Cosmic Sacrifice for Love,,,,♪ Laetus.L
Xfer Records,Serum,Bass,BA Organ Bass [FP],
Xfer Records,Serum,FX,FX High Transition [FN],
Xfer Records,Serum,Plucked,PL Phantoms [SD],
"23. Cold Iron, Warming Sun",,,,♪ TSAR
,,,,software cello
,,,,
24. Battle Arena,,,,♪ TSAR
Live Recording: Guitar,Yi Chen,,,
,,,,vocals uncredited but pretty sure they're live
25. Welcome to Aetherium Wars!,,,,♪ TSAR
Live Recording: Violin,Yue Zhu,,,
,,,,software flute
26. Battle! Championship Contender,,,,"♪ Gon, TSAR"
Heavyocity,Damage 2,D2 Loop Designer -> 01 All Star Loops (STR),All Star - Manhattan Car Chase (STR),
Splice Sounds,Sounds of KSHMR Vol. 3,Drum_Loops_Full -> Break_Beat_Loops,KSHMR_Break_Beat_Loop_09_150,
Disciple Samples,Virtual Riot & Modestep - Spicy Riddim Drums Vol. 2,one_shots -> drums -> fill_one_shots ,DS_SRD2_140_drum_one_shot_fill_redline,
Disciple Samples,Virtual Riot & Modestep - Spicy Riddim Drums Vol. 2,one_shots -> drums -> fill_one_shots ,DS_SRD2_150_drum_one_shot_fill_bitcrushed,
27. Coliseum of Victory,,,,♪ TSAR
,,,,vocals uncredited but pretty sure they're live
,,,,
28. Battle! Tournament Winner,,,,"♪ Yj.W, TSAR"
Live Recording: Electric Guitar,Yi Chen,,,
Live Recording: Electric Bass,ET,,,
,,,,software brass
29. Battle! Ultimate Champion,,,,♪ TSAR
,,,,software violin
,,,,
30. Battle! King of the Snowy Hill,,,,"♪ Eli.W, TSAR"
Live Recording: Electric Bass,ET,,,
Live Recording: Drums,Patrick,,,
Disciple Samples,Sharks - Color Bass Vol. 1,tonal_one_shots -> synth_one_shots,DS_SCB_synth_one_shot_cascade_forest_Fmin,
,,,,
,,,,
,,,,
,,,,
,,,,
The Flapper Sinthome (Part 1),,,,
,,,,
,,,,
,,,,
1. This Side of Paradise,,,,♪ Fan
Live Recording: Trumpet,李晓川,,,
Live Recording: Trombone,曹侃,,,
Live Recording: Harp,黄李玮,,,
Live Recording: Sax,Shihai Li,,,
Live Recording: Orchestra,International Master Philharmonic Orchestra,,,
Live Recording: Orchestra,Budapest Scoring Big Band,,,
,,,,
2. Ace in the Hole,,,,♪ Fan
Live Recording: Vocal,"Vane, GANNIX, Fan",,,
Live Recording: Trumpet,李晓川,,,
Live Recording: Trombone,曹侃,,,
Live Recording: Sax,Shihai Li,,,
Live Recording: Harp,黄李玮,,,
Live Recording: Upright Bass,张皑皓,,,
Live Recording: Orchestra,Budapest Scoring Big Band,,,
Live Recording: Orchestra,Art of Loong Orchestra,,,
,,,,
"3. Hi, Dolly!",,,,♪ Jing.W
Live Recording: Orchestra,Budapest Scoring Big Band,,,
,,,,
4. Golden Land,,,,♪ Fan
Live Recording: Trumpet,李晓川,,,
Live Recording: Trombone,曹侃,,,
Live Recording: Upright Bass,张皑皓,,,
Live Recording: Sax,Shihai Li,,,
Live Recording: Harp,黄李玮,,,
Live Recording: Orchestra,Art of Loong Orchestra,,,
,,,,
5. The Big Sleep,,,,♪ Fan
Live Recording: Upright Bass,张皑皓,,,
Live Recording: Harp,黄李玮,,,
Live Recording: Orchestra,International Master Philharmonic Orchestra,,,
,,,,
6. Dreamwalker,,,,♪ Fan
Live Recording: Upright Bass,张皑皓,,,
Live Recording: Harp,黄李玮,,,
,,,,
7. The Player on the Other Side,,,,♪ Fan
Live Recording: Trumpet,李晓川,,,
Live Recording: Trombone,曹侃,,,
Live Recording: Sax,Shihai Li,,,
Live Recording: Harp,黄李玮,,,
Live Recording: Upright Bass,张皑皓,,,
Live Recording: Orchestra,International Master Philharmonic Orchestra,,,
Live Recording: Orchestra,Budapest Scoring Big Band,,,
,,,,
8. Fair Play,,,,♪ Yj.W
,,,,
,,,,
9. If One Wakes at Midnight,,,,♪ Fan
,,,,
,,,,
10. Realitätsprinzip,,,,♪ Yj.W
Live Recording: Trumpet,李晓川,,,
Live Recording: Trombone,曹侃,,,
Live Recording: Clarinet,Dan Wu,,,
Live Recording: Flute,Xiaohua Cheng,,,
Live Recording: Orchestra,International Master Philharmonic Orchestra,,,
,,,,
11. Lustprinzip,,,,♪ Yj.W
Live Recording: Trombone,曹侃,,,
Live Recording: Clarinet,Dan Wu,,,
Live Recording: Sax,Shihai Li,,,
Live Recording: Upright Bass,张皑皓,,,
Live Recording: Violin,Qin Zhang,,,
Live Recording: Orchestra,International Master Philharmonic Orchestra,,,
,,,,
12. Against The Day,,,,♪ Yj.W
Live Recording: Trumpet,李晓川,,,
Live Recording: Trombone,曹侃,,,
Live Recording: Upright Bass,张皑皓,,,
Live Recording: Electric Guitar,Peijia You,,,
,,,,
13. Challenge to the Reader,,,,♪ Yj.W
Live Recording: Trumpet,李晓川,,,
Live Recording: Trombone,曹侃,,,
Live Recording: Sax,Shihai Li,,,
Live Recording: Upright Bass,张皑皓,,,
Live Recording: Drums,Patrick,,,
Live Recording: Electric Guitar,Peijia You,,,
,,,,
14. Lucid Dreams,,,,♪ Eli.W
,,,,
,,,,
15. Halfway House,,,,♪ Eli.W
,,,,
,,,,
16. Full House,,,,♪ TSAR
,,,,
,,,,
17. The Midnight Special,,,,"♪ Jing.W, Fan"
Live Recording: Bass,Hento,,,
Live Recording: Orchestra,Budapest Scoring Big Band,,,
,,,,
18. Spellbound,,,,♪ Laetus.L
Live Recording: Trumpet,李晓川,,,
Live Recording: Sax,Shihai Li,,,
Xfer Records,Serum,Seq,SQ Deadtalking [JL],
19. City Upon a Hill,,,,♪ Fan
Live Recording: Choir,"Weiqing Tang, Jia Tian, 张怡, Jing Zhang, ...",,,
,,,,
20. The Fool Always Rings Twice,,,,♪ Eli.W
,,,,
,,,,
21. Wet Dog,,,,♪ Yj.W
Live Recording: Bass,Hento,,,
Live Recording: Drums,Patrick,,,
,,,,
22. Latent Content of Dream,,,,♪ Yj.W
,,,,
,,,,
23. On the Disintegration of Evermemoria,,,,♪ Eli.W
,,,,
,,,,
24. Citizen Hanunue,,,,♪ TSAR
Splice Sounds,Sounds of KSHMR Vol. 4,Drums -> Transitions -> Chime Transitions,KSHMR Chime Transition 02 - Down,
Splice Sounds,Sounds of KSHMR Vol. 4,Drums -> Transitions -> Chime Transitions,KSHMR Chime Transition 04 - Up,
,,,,
25. Manifest Content of Dream,,,,♪ Jing.W
Live Recording: Orchestra,International Master Philharmonic Orchestra,,,
,,,,
26. Chaîne Signifiante,,,,"♪ Jing.W, Gon"
Spectrasonics,Omnisphere,Keyboards,Piano on the Wireless,
,,,,
27. Stade du Miroir,,,,♪ Jing.W
Live Recording: Accordion,Xiaonan Xu,,,
Live Recording: Sax,Shihai Li,,,
Live Recording: String Quartet,"Rui Liu, 王大毛, 李纪泽, 张平",,,
,,,,
28. Todestrieb,,,,♪ Jing.W
,,,,
,,,,
29. Return of None,,,,♪ Yj.W
ProjectSAM,Symphobia,Brass -> Brass Section -> Clusters,Crescendo,A1 and G#3 (and F2?)
,,,,
30. If I Can Stop One Heart From Breaking (Encore),,,,♪ Eli.W
Live Recording: Vocal,Chevy,,,
,,,,pianoteq?
31. Quoth the Raven,,,,♪ Yj.W
,,,,
,,,,
32. Nevermore,,,,♪ Fan
Live Recording: Orchestra,International Master Philharmonic Orchestra,,,
,,,,
,,,,
,,,,
,,,,
,,,,
The Flapper Sinthome (Part 2),,,,
,,,,
,,,,
,,,,
1. Dream First!,,,,♪ Yj.W
Live Recording: Orchestra,International Master Philharmonic Orchestra,,,
Live Recording: Trumpet,胡丹峰,,,
Live Recording: Trombone,Kan Cao,,,
Live Recording: Sax,张宏涛,,,
,,,,
2. Omertà,,,,♪ Jing.W
Live Recording: Orchestra,International Master Philharmonic Orchestra,,,
Live Recording: Trumpet,胡丹峰,,,
Live Recording: Trombone,Kan Cao,,,
Live Recording: Drums,Patrick,,,
,,,,
3. Speedy Hamz,,,,♪ Eli.W
Live Recording: Orchestra,International Master Philharmonic Orchestra,,,
Live Recording: Trumpet,胡丹峰,,,
Live Recording: Trombone,Kan Cao,,,
Live Recording: Electric Guitar,Yi Chen,,,
Live Recording: Bass,ET,,,
Live Recording: Drums,Patrick,,,
,,,,
4. The Game of Chicken,,,,♪ Jing.W
Spectrasonics,Omnisphere,Pads + Strings,Analog Shapeshifting Pad,
,,,,
5. Hell Is Preferable to Nihility,,,,♪ Yj.W
Live Recording: Sax,Shihai Li,,,
Live Recording: Clarinet,Dan Wu,,,
Splice Sounds,Sounds of KSHMR Vol. 3,Drum_Loops_Full -> Acoustic_Drum_Loops,KSHMR_Acoustic_Drum_Loop_12_128,"See note, spoilers ahead"
u-he,Hive 2,Twolegs Tonekorks - Honey Monster Vol. 1,CH Minor Injury,unsure
Vengeance Sound,VPS Avenger,EDM 1 -> Sequences,SQ Progressive 2,
Vengeance Sound,VPS Avenger,Effects: House -> Effects,FX MW Rolling Wood,unsure
,,,,
6. Nought May Endure But Mutability,,,,♪ Yj.W
,,,,
,,,,
7. Polaris,,,,♪ Wandy.N
Live Recording: Orchestra,Art of Loong Orchestranic Orchestra,,,
Live Recording: Orchestra,International Master Philharmonic Orchestra,,,
Live Recording: Classic Guitar,Ye Fan,,,
Live Recording: Lute,Ye Fan,,,
Native Instruments,Noire,NOIRE Pure,Basic Pure,
reFX,Nexus,Factory Presets -> Classical,CL Angels Harp,Layer 1 and 3 disabled
reFX,Nexus,,,Plays at the start
,,,,
8. Lodestar in Evernight,,,,♪ Wandy.N
Live Recording: Orchestra,International Master Philharmonic Orchestra,,,
,,,,
9. Stranger Than Paradise,,,,♪ Eli.W
,,,,
,,,,
10. The Dice in the Other Room,,,,♪ TSAR
,,,,
,,,,
11. Fast & Furynuts,,,,♪ Eli.W
Live Recording: Guitar,Ye Fan,,,
Live Recording: Trumpet,胡丹峰,,,
Live Recording: Trombone,Kan Cao,,,
Live Recording: Drums,Patrick,,,
,,,,
12. Into the Cracked Earth,,,,♪ Sean
,,,,
,,,,
13. The City in the Sea,,,,♪ Yj.W
Vengeance Sound,VPS Avenger,Ambition -> Leads,LD Fallen,
Vengeance Sound,VPS Avenger,Atmospherica -> Atmospheres,AT Wake up from Cryo,
Vengeance Sound,VPS Avenger,BigTone 2 -> Atmospheres,AT Raspy Movements,
,,,,
14. A Star Is Born,,,,♪ TSAR
Splice Sounds,Sounds of KSHMR Vol. 3,Drums -> Snares -> Big_Snares,KSHMR_Big_Snare_21,
Splice Sounds,Sounds of KSHMR Vol. 3,FX Elements -> Impacts -> Impacts 01 Main,KSHMR_Impact_with_Sweep_03,
15. An Actor Prepares,,,,♪ TSAR
,,,,
,,,,
16. Little Little Caesar,,,,♪ Jing.W
Live Recording: Orchestra,International Master Philharmonic Orchestra,,,
Live Recording: Violin,Rui Liu,,,
Live Recording: Cello,Ying Lang,,,
17. Nobility of Time,,,,♪ Jing.W
Live Recording: Orchestra,International Master Philharmonic Orchestra,,,
Live Recording: Sax,Shihai Li,,,
,,,,
18. Some Like It Hot,,,,♪ Yj.W
Splice Sounds,Sounds of KSHMR Vol. 1,KSHMR Snares -> Big Snares,KSHMR Big Snares 10,
Vengeance Sound,VPS Avenger,8 Bit Era -> Sequences,SQ FunkChip 2,Drums muted
Vengeance Sound,VPS Avenger,Factory -> Sequences,SQ Funky Machine,Drums muted
Vengeance Sound,VPS Avenger,Factory -> Sequences,SQ Lounge Classics 2,Kick & Hihats disabled
Vengeance Sound,VPS Avenger,Funky House 2,,To be found
19. No Business Like Show Business,,,,♪ Yj.W
Sample: Valve Software,Counter-Strike,,C4 Ticking SFX,Might use a sample pack from Splice instead
Rhythm Lab,Amen Break Vol. 2,,cw_amen_vinyl,
Vengeance Sound,VPS Avenger,Factory -> Sequences,SQ Lounge Classics 2,Kick & Hihats disabled
,,,,
20. Walk of Fame,,,,♪ Eli.W
,,,,
,,,,
21. Caged Wings,,,,♪ Gon
Live Recording: Violin,Yue Zhu,,,
Live Recording: Cello,Xiaolong Chen,,,
,,,,
22. Oed' und leer das Meer,,,,♪ Hao
,,,,
,,,,
"23. The Past, Present, and Eternal Show",,,,♪ Yj.W
Disciple Samples,Barely Alive - Essential Samples Vol. 1,BRLY_ALVE_drums -> BRLY_ALVE_drum_loops,BRLY_ALVE_140_drum_loop_hybrid,
Disciple Samples,Chime & Ace Aura - Melodic Riddim Vol. 1,CHIME_ACEAURA_drums -> CHIME_ACEAURA_fills,CHIME_drum_fill_snare_roll_02,
Disciple Samples,Virtual Riot - Heavy Bass Design Vol. 2,loops -> Drum_Loops,VR_drum_loop_dramaqueen_150,
Splice Sounds,Sounds of KSHMR Vol. 3,Drums_Loops -> Cinematic_Drum_Loops,KSHMR_Cinematic_Drum_Loop_15_118_Triplet,
24. The Strength of Sin Is the Law,,,,♪ Yj.W
Live Recording: Orchestra,International Master Philharmonic Orchestra,,,
Live Recording: Choir,"Weiqing Tang, Jia Tian, 张怡, Jing Zhang, ...",,,
Disciple Samples,Barely Alive - Essential Samples Vol. 1,BRLY_ALVE_drums -> BRLY_ALVE_drum_loops,BRLY_ALVE_140_drum_loop_hybrid,
Disciple Samples,Chime & Ace Aura - Melodic Riddim Vol. 1,CHIME_ACEAURA_drums -> CHIME_ACEAURA_fills,CHIME_drum_fill_snare_roll_02,
Disciple Samples,Virtual Riot - Heavy Bass Design Vol. 2,loops -> Drum_Loops,VR_drum_loop_dramaqueen_150,
25. The Sting of Death Is Sin,,,,♪ Wandy.N
Live Recording: Orchestra,International Master Philharmonic Orchestra,,,
Live Recording: Choir,"Weiqing Tang, Jia Tian, 张怡, Jing Zhang, ...",,,
Heavyocity,Damage 2,D2 Loop Designer -> 01 All Star Loops (STR),All Star - Manhattan Car Chase (STR),G4
Splice Sounds,Sounds of KSHMR Vol. 3,KSHMR_Top_Loops_129-200,KSHMR_Top_Loop_11_170,
Xfer Records,Serum,Seq,SQ Anxiety Loop [AF],
Xfer Records,Serum,Seq,SQ Chords Simple [RI],
26. Im Anfang war das Wort,,,,♪ Fan
Live Recording: Orchestra,International Master Philharmonic Orchestra,,,
Live Recording: Choir,"Weiqing Tang, Jia Tian, 张怡, Jing Zhang, ...",,,
,,,,
27. Confutatis,,,,♪ Eli.W
EastWest,Hollywood Choirs,Womens Choir -> WOMEN vowels,WOMEN ah Stac,
EastWest,Hollywood Choirs,Mens Choir -> MEN vowels,MEN ah,
28. Agnus Aeon,,,,♪ Jing.W
,,,,
,,,,
29. Requiem Aeternam,,,,♪ Fan
Live Recording: Orchestra,International Master Philharmonic Orchestra,,,
Live Recording: Children's Choir,Sfuture Art Group,,,
,,,,
30. Lux Aeterna,,,,♪ Fan
Live Recording: Orchestra,International Master Philharmonic Orchestra,,,
Live Recording: Choir,"Weiqing Tang, Jia Tian, 张怡, Jing Zhang, ...",,,
,,,,
31. Hosanna in Excelsis,,,,♪ Fan
Live Recording: Orchestra,International Master Philharmonic Orchestra,,,
Live Recording: Choir,"Weiqing Tang, Jia Tian, 张怡, Jing Zhang, ...",,,
,,,,
32. Infirma Nostri Corporis,,,,♪ Fan
Live Recording: Orchestra,International Master Philharmonic Orchestra,,,
Live Recording: Choir,"Weiqing Tang, Jia Tian, 张怡, Jing Zhang, ...",,,
Live Recording: Electric Guitar,Gon,,,
,,,,
33. Symphony No. 8 'A Thousand Suns',,,,♪ Fan
Live Recording: Orchestra,International Master Philharmonic Orchestra,,,
Live Recording: Choir,"Weiqing Tang, Jia Tian, 张怡, Jing Zhang, ...",,,
Live Recording: Electric Guitar,Gon,,,
Splice Sounds,Sounds of KSHMR Vol. 3,KSHMR_FX_Elements -> KSHMR_Reverse_Guitars,KSHMR_Reverse_Guitar_04_E,
,,,,
,,,,
,,,,
,,,,
Astral Theater Vol. 2,,,,
,,,,
,,,,
,,,,
1-4. The Slumbernana Song,,,,♪ TSAR
Live Recording: Vocal,喵酱,,,Chinese ver.
Live Recording: Vocal,熊谷海麗,,,Japanese ver.
Live Recording: Vocal,Dorah Fine,,,English ver.
Live Recording: Vocal,이명호,,,Korean ver.
Sample: alfo399,Risada do Peludão,,TS 0:00,Laughing
Sample: madsiepatsie,haram alert,,TS 0:00,
Sample: Meme Sound FX,Fart with reverb sound effect,,TS 0:00,
Sample: Neave,Goofy Cartoon Sounds,,"TS 0:00, 0:13",
Sample: OmarSounds,Vine Boom Sound Effect,,TS 0:00,
Image-Line,FL Studio,Packs -> Drums -> Percussion,808 Cowbell,
Image-Line,FL Studio,Packs -> Drums -> Percussion,909 Clav,
Image-Line,FL Studio,Packs -> Drums -> Snares,Smigen Snare 2,
Image-Line,FL Studio,Packs -> Drums (ModeAudio) -> Foley,MA Bottle Strike 03,+640 cents
Image-Line,FL Studio,Packs -> Drums (ModeAudio) -> SFX,MA Telekinetic RetroFuture FX,
Xfer Records,Serum,Bass,BA Hipster Bass [FP],
5. Ensemble Cast,,,,♪ TSAR & Wandy.N
Live Recording: Vocal,VIOMEAT,,,
,,,,
6. Alone Time,,,,♪ Jing.W
Live Recording: Orchestra,International Master Philharmonic Orchestra,,,
Live Recording: Drums,Patrick,,,
Live Recording: Guitar,Xinbo Zhao,,,
,,,,
"7. Now, Voyager",,,,♪ Jing.W
Live Recording: Orchestra,International Master Philharmonic Orchestra,,,
Live Recording: Drums,Patrick,,,
Live Recording: Guitar,Xinbo Zhao,,,
,,,,
8. My Sword Stirs Starlight,,,,♪ Eli.W
Live Recording: Dizi,Jiannan Gu,,,
Spectrasonics,Trilian,,,To be found
,,,,Software orchestra
9. La Messe de l'athée,,,,♪ Jing.W
Native Instruments,Noire,NOIRE Pure,Basic Pure,
,,,,
10. Reversed Moments,,,,♪ Yj.W
Live Recording: Cello,Ping Zhang,,,
Spectrasonics,Keyscape,Mini Pianos,Rhodes 1946 Pre-Piano,
11. To Naraka We Sink,,,,♪ Yj.W
Live Recording: Sheng,Chunxu Li,,,
EastWest,Symphonic Orchestra,Perc -> CymGong,,
Heavyocity,Damage 2,,,To be found
ProjectSAM,Symphobia,Brass -> Brass Section -> Clusters,Crescendo,at least G1
12. Eight Great Cold Hells,,,,♪ Yj.W
Live Recording: Xiao,Jiannan Gu,,,
EastWest,Symphonic Orchestra,Perc -> CymGong,,
13. Moonhowl Stampede,,,,♪ Eli.W
Live Recording: Bili,Jiali Zhang,,,
Live Recording: Sheng,Chunxu Li,,,
Live Recording: Xiao,Jiannan Gu,,,
Native Instruments,Action Strikes,Action Strikes - Ensemble,,To be found
Splice Sounds,Sounds of KSHMR Vol. 3,Drums -> Transitions -> Tambourine_Transitions,KSHMR_Tambourine_Transition_02,
Splice Sounds,Sounds of KSHMR Vol. 3,Drums_Loops -> Drum_Loops_Full -> Top_Loops,KSHMR_Top_Loop_11_170,
"14. Life's Suffering, An Endless Tide",,,,♪ Yj.W
Live Recording: Sheng,Chunxu Li,,,
Live Recording: Xiao,Jiannan Gu,,,
EastWest,Symphonic Orchestra,Perc -> CymGong,,
Heavyocity,Damage 2,,,To be found
ProjectSAM,Symphobia,Brass -> Brass Section -> Effects,Repetitions,
ProjectSAM,Symphobia,,,More presets
Splice Sounds,Sounds of KSHMR Vol. 4,Drum Loops -> Drum Loops - Main -> Orchestral Drum Loops,KSHMR Orchestral Drum Loop 09 - 110BPM,
15. Cloudwide Voyage,,,,♪ Fan
Live Recording: Orchestra,International Master Philharmonic Orchestra,,,
Live Recording: Dizi,Jiannan Gu,,,
Live Recording: Pipa,Wenqing Shi,,,
EastWest,Symphonic Orchestra,Perc -> CymGong,,
Native Instruments,Action Strikes,Action Strikes - Ensemble,Dark City,
Splice Sounds,Sounds of KSHMR Vol. 3,Hip_Hop_Drum_Loops -> Hip_Hop_Top_Loops,KSHMR_Hip_Hop_Top_Loop_14_128,
16. With My Heartstring as Bow,,,,♪ Yj.W
,,,,
,,,,
17. Welkin's Advent,,,,♪ Yj.W
Live Recording: Dizi,Jiannan Gu,,,
Live Recording: Erhu,Jiajun Ma,,,
Live Recording: Pipa,Wenqing Shi,,,
Vengeance Sound,VPS Avenger,Trance Two -> Arp,AR Sequences for BG,"Seq 1 played solo + chorder voice 1 turned off, Seq 2 and 3 plays in middle"
18. A Duel of Connecting Blades,,,,♪ Yj.W
Live Recording: Dizi,Jiannan Gu,,,
Live Recording: Erhu,Jiajun Ma,,,
Heavyocity,Damage 2,D2 Loop Designer -> 03 Hybrid Cinematic (STR),Hybrid Cinematic - Full Breakout Loops 03 (STR),"C1, C3"
Native Instruments,Action Strikes,Action Strikes - Ensemble,Tangarian Drums, 
19. Fatal Clash of Swordgraves,,,,♪ Eli.W
Live Recording: Bili,Jiali Zhang,,,
Live Recording: Guzheng,Yijing Shen,,,
Heavyocity,Damage 2,D2 Loop Designer -> 01 All Star Loops (STR),All Star - Manhattan Car Chase (STR),"C3, C#3"
20. Inner Beast Vanquished,,,,♪ Yj.W
Live Recording: Guqin,Jingyu Fang,,,
Live Recording: Guzheng,Yijing Shen,,,
Heavyocity,Damage 2,,,To be found
,,,,
21. The Epitome of Young Morals,,,,♪ Fan
Live Recording: Orchestra,International Master Philharmonic Orchestra,,,
Live Recording: Dizi,Jiannan Gu,,,
Live Recording: Pipa,Wenqing Shi,,,
Splice Sounds,Sounds of KSHMR Vol. 3,,,Drums and loops
,,,,
22. Color Your Dreams,,,,♪ Eli.W
Splice Sounds,Sounds of KSHMR Vol. 3,,,Drums and loops
,,,,
,,,,
23. Takeoff at Dusk,,,,♪ Eli.W
Live Recording: Violin,"Rui Liu, Qin Zhang",,,
Live Recording: Viola,何辉,,,
Live Recording: Cello,Ping Zhang,,,
Native Instruments,Action Strikes,Action Strikes - Ensemble,Dark City,
Native Instruments,Noire,NOIRE Pure,Basic Pure,
24. Emperors Reverie,,,,♪ Wandy.N
Live Recording: Orchestra,International Master Philharmonic Orchestra,,,
,,,,
,,,,
25. Dream Drifting,,,,♪ Jing.W
,,,,
,,,,
,,,,
26. Dance in a Deep Dream,,,,♪ Duke.Killers
KORG,M1,PROG,01 Piano16',
reFX,Nexus,XP Dance 2 -> FX Sound,FX 70s FX,
reFX,Nexus,,,Maybe used for other synths?
,,,,
27. Floating Tempo,,,,"♪ Duke.Killers, Fan"
,,,,
,,,,
28. Up to This,,,,"♪ Duke.Killers, TSAR"
Image-Line,FLEX,Arksun Cityscape,Jam Strut,Reverb turned off
,,,,
,,,,
29. Melody of Dazzling Light,,,,♪ Duke.Killers
Live Recording: Electric Guitar,Jinqiao Ge,,,
Live Recording: Drums,褚伟明,,,
reFX,Nexus,Factory Presets -> Piano,,
,,,,
,,,,
,,,,
,,,,
Allegory of the Cave (Part 1),,,,
,,,,
,,,,
,,,,
1. Anthem of Eras,,,,♪ Fan
Live Recording: Harp,Liwei Huang,,,
Live Recording: Floyera,Sandro Friedrich,,,
Live Recording: Aulos,Sandro Friedrich,,,
Live Recording: Lyre,Giorgos Tabakis,,,
Live Recording: Acoustic Guitar,Ye Fan,,,
Live Recording: Bouzouki,Dimitris Papageorgiou,,,
Live Recording: Vocal,Alina Lesnik,,,
Live Recording: Orchestra,Budapest Scoring Orchestra,,,
Live Recording: Orchestra,Art of Loong Orchestra,,,
,,,,
2. Under the Seat of Dawn,,,,♪ Fan
Live Recording: Floyera,Sandro Friedrich,,,
Live Recording: Aulos,Sandro Friedrich,,,
Live Recording: Lyre,Giorgos Tabakis,,,
Live Recording: Acoustic Guitar,Ye Fan,,,
Live Recording: Vocal,Alina Lesnik,,,
Live Recording: Orchestra,Budapest Scoring Orchestra,,,
Live Recording: Orchestra,Art of Loong Orchestra,,,
,,,,Symphonic Orchestra CymGong?
,,,,
3. Battle Hymn of the Golden Blood,,,,♪ Fan
Live Recording: Sampugna,Sandro Friedrich,,,
Live Recording: Aulos,Sandro Friedrich,,,
Live Recording: Laouto,Dimitris Papageorgiou,,,
Live Recording: Orchestra,Art of Loong Orchestra,,,
Live Recording: Vocal,"Ari Mason, Fan",,,
,,,,
4. Promenade of Tides,,,,♪ Fan
Live Recording: Floyera,Sandro Friedrich,,,
Live Recording: Lyre,Giorgos Tabakis,,,
Live Recording: Orchestra,Budapest Scoring Orchestra,,,
Live Recording: Orchestra,Art of Loong Orchestra,,,
Live Recording: Vocal,"Ari Mason, Fan",,,
,,,,
5. Living Flame,,,,"♪ Eli.W, Yj.W, Fan"
Live Recording: Lute,Ye Fan,,,
Live Recording: Duduk,Sandro Friedrich,,,
Live Recording: Orchestra,International Master Philharmonic Orchestra,,,
,,,,
6. Theomakhia,,,,♪ Yj.W
Live Recording: Orchestra,International Master Philharmonic Orchestra,,,
Splice Sounds,Sounds of KSHMR Vol. 3,Drum_Loops_Full -> Cinematic_Drum_Loops,KSHMR_Cinematic_Drum_Loop_36_128,
,,,,
7. Plantlife Euthys,,,,♪ Wandy.N
Live Recording: Harp,Liwei Huang,,,
Live Recording: Pan Flute,Sandro Friedrich,,,
Live Recording: Kithara,Giorgos Tabakis,,,
Live Recording: Orchestra,Art of Loong Orchestra,,,
,,,,
8. Between Whims,,,,♪ Fan
Live Recording: Harp,Liwei Huang,,,
Live Recording: Acoustic Guitar,Ye Fan,,,
Live Recording: Floyera,Sandro Friedrich,,,
Live Recording: Aulos,Sandro Friedrich,,,
Live Recording: Lyre,Giorgos Tabakis,,,
Live Recording: Bouzouki,Dimitris Papageorgiou,,,
Live Recording: Orchestra,Budapest Scoring Orchestra,,,
Live Recording: Orchestra,Art of Loong Orchestra,,,
Heavyocity,Damage,02 Percussive Kits -> 02 Ethnic Drums,PERC Ethnic Ens Percussion,
,,,,
9. The Pastoral of the Lands,,,,♪ Eli.W
Live Recording: Mandolin,Ye Fan,,,
Live Recording: Tin Whistle,Sandro Friedrich,,,
,,,,
10. Wandering Rhymes,,,,♪ Fan
Live Recording: Lyre,Giorgos Tabakis,,,
Live Recording: Children's Choir,Deep Space Choir,,,
,,,,
11. Wheel of Fate,,,,♪ Vinchi
Live Recording: Lyre,Giorgos Tabakis,,,
Live Recording: Vocal,"Fan, Eli.W, Yj.W, Jing.W",,,
,,,,
12. In Search of Prophecy,,,,♪ Vinchi
Live Recording: Orchestra,International Master Philharmonic Orchestra,,,
EastWest,Symphonic Orchestra,Perc -> Metals,Orch chimes,
,,,,
13. Echoes of the Divine,,,,♪ Vinchi
Live Recording: Sampugna,Sandro Friedrich,,,
Live Recording: Orchestra,International Master Philharmonic Orchestra,,,
,,,,
14. Trampled Snake,,,,♪ Eli.W
Live Recording: Aulos,Sandro Friedrich,,,
Live Recording: Orchestra,International Master Philharmonic Orchestra,,,
Heavyocity,Damage,02 Percussive Kits -> 02 Ethnic Drums,PERC Ethnic Ens Percussion,
,,,,
15. Grapevine and Mountain Goat,,,,"♪ Eli.W, Yj.W"
Live Recording: Aulos,Sandro Friedrich,,,
Live Recording: Orchestra,International Master Philharmonic Orchestra,,,
,,,,Avenger?
16. Whisper of Prophecy,,,,♪ Fan
Live Recording: Lyre,Giorgos Tabakis,,,
17. As Written By Whom,,,,♪ Eli.W
EastWest,Hollywood Choirs,Womens Choir -> WOMEN vowels,WOMEN oh Stac,
,,,,
18. Prayer for Pathlessness,,,,♪ Yj.W
,,,,
,,,,
19. Whispers of Day,,,,♪ Yj.W
,,,,to check: ewso harp
,,,,
20. Within the Veil,,,,♪ Fan
,,,,
,,,,
21. Fading Prophecy,,,,"♪ Eli.W, Yj.W"
,,,,to check: ewso harp
,,,,
22. Weaver of Memories,,,,♪ Jing.W
,,,,
,,,,
23. Silent Strings,,,,♪ Eli.W
Best Service,Ethno World Instruments,WOODWIND AND BRASS  -> DIGERIDOO,Digeridoo TM SYNC,"keys G3, C3, F3"
Heavyocity,Damage,,,
24. Origin and Finale,,,,"♪ Fan, Eli.W"
Live Recording: Aulos,Sandro Friedrich,,,
EastWest,Symphonic Orchestra,Perc -> Metals,Orch chimes,
Heavyocity,Damage 2,D2 Loop Designer -> 01 All Star Loops (STR),All Star - Modern Mystery (STR),"F4, A#4"
,,,,to check: ewso harp
25. Where The Inscription Was,,,,♪ Yj.W
Live Recording: Aulos,Sandro Friedrich,,,
Live Recording: Harp,Liwei Huang,,,
Heavyocity,Damage 2,,,
26. Undying Glory,,,,♪ Yj.W
Live Recording: Harp,Liwei Huang,,,
Live Recording: Aulos,Sandro Friedrich,,,
Live Recording: Lyre,Giorgos Tabakis,,,
Live Recording: Orchestra,Art of Loong Orchestra,,,
27. The Eternal Campflame,,,,♪ Yj.W
Live Recording: Harp,Liwei Huang,,,
Live Recording: Lyre,Giorgos Tabakis,,,
Live Recording: Bansuri,Sandro Friedrich,,,
Live Recording: Orchestra,Art of Loong Orchestra,,,
Matt Tylel,Vital,In The Mix -> Lead,Distant Majestic Lead,"Not sure, but sounds close"
,,,,
28. Beacon Smoke Residue,,,,♪ Yj.W
Live Recording: Harp,Liwei Huang,,,
Live Recording: Floyera,Sandro Friedrich,,,
Live Recording: Dulcian,Sandro Friedrich,,,
Live Recording: Lute,Ye Fan,,,
Live Recording: Orchestra,Art of Loong Orchestra,,,
Dharma Studio,Sounds of KSHMR Vol. 4 Complete Edition,Drum Loops -> Orchestral Drum Loops,KSHMR Orchestral Drum Loop 04 - 100BPM,
,,,,
29. Axe of Evernight,,,,♪ Yj.W
Live Recording: Harp,Liwei Huang,,,
Live Recording: Acoustic Guitar,Ye Fan,,,
Live Recording: Bansuri,Sandro Friedrich,,,
Live Recording: Lute,Ye Fan,,,
,,,,
30. To Gorgo,,,,♪ Yj.W
Live Recording: Lute,Ye Fan,,,
Xfer Records,Serum,Seq,SQ Anxiety Loop [AF],
Xfer Records,Serum,Seq,SQ Is This Trance [DRK],
,,,,
31. To All Things Strifeful,,,,♪ Yj.W
Live Recording: Orchestra,International Master Philharmonic Orchestra,,,
Native Instruments,Action Strikes,Action Strikes - Hits,Big Cinematic Hits,G4
Splice Sounds,Sounds of KSHMR Vol. 3,Drum_Loops_Full -> Cinematic_Drum_Loops,KSHMR_Cinematic_Drum_Loop_18_128,
Splice Sounds,Sounds of KSHMR Vol. 3,Drum_Loops_Full -> Cinematic_Drum_Loops,KSHMR_Cinematic_Drum_Loop_36_128,
,,,,
32. King Father of All,,,,♪ Yj.W
Live Recording: Orchestra,International Master Philharmonic Orchestra,,,
Splice Sounds,Sounds of KSHMR Vol. 3,Drum_Loops_Full -> Cinematic_Drum_Loops,KSHMR_Cinematic_Drum_Loop_18_128,
,,,,
,,,,
,,,,
,,,,
,,,,
Allegory of the Cave (Part 2),,,,
,,,,
,,,,
,,,,
1. Touch of the Broken Blade,,,,"♪ Yj.W, Shijia.Y"
Live Recording: Guitar,"SifuLee, Jersey Wu",,,
Live Recording: Orchestra,International Master Philharmonic Orchestra,,,
,,,,
2. A Hunt for the Divine,,,,♪ Shijia.Y
Live Recording: Guitar,"SifuLee, Jersey Wu",,,
Live Recording: Orchestra,International Master Philharmonic Orchestra,,,
,,,,
3. Verdant Sea of Knowing,,,,♪ Yj.W
,,,,
,,,,
4. Shattered Mortal Realms,,,,♪ Yj.W
Live Recording: Wind Instruments,Sandro Friedrich,,,
Best Service,Ethno World Instruments,WORLD PERCUSSION -> SHAKERS,Rainmakers + Loops BM,A3
Best Service,Ethno World Instruments,WORLD PERCUSSION -> SHAKERS,Wood Shaker + Loops BM,G#1 panned center and C#2 panned right
5. Scattered Manuscripts,,,,♪ Zheng.L
Live Recording: Wind Instruments,Sandro Friedrich,,,
Live Recording: Orchestra,International Master Philharmonic Orchestra,,,
Splice Sounds,Sounds of KSHMR Vol. 3,Drums -> Tambourine_Transitions,KSHMR_Tambourine_Transition_07,
6. Dusk of Rationality,,,,♪ Eli.W
,,,,
,,,,
7. Unto Dignity,,,,♪ Shijia.Y
Live Recording: Bouzouki,Dimitris Papageorgiou,,,
Live Recording: Orchestra,International Master Philharmonic Orchestra,,,
8. To Remembrance,,,,♪ Jing.W
,,,,
,,,,
9. Serenade of the Passage,,,,♪ Eli.W
,,,,
,,,,
10. Warmth Contained,,,,♪ Eli.W
Live Recording: Wind Instruments,Sandro Friedrich,,,
,,,,
11. Stories and Sweets,,,,♪ Wandy.N
Live Recording: Orchestra,International Master Philharmonic Orchestra,,,
,,,,
12. Dryness Caged,,,,♪ Eli.W
,,,,
,,,,
13. In the Arms of Tomorrow,,,,♪ Wandy.N
Live Recording: Orchestra,International Master Philharmonic Orchestra,,,
Native Instruments,Noire,NOIRE Pure,Basic Pure,
14. Beneath the Sheep's Skin,,,,"♪ Jing.W, Yj.W"
Live Recording: Vocal,Yiwei Xie,,,
Live Recording: Orchestra,International Master Philharmonic Orchestra,,,
15. Gift of Strife,,,,♪ Jing.W
Live Recording: Electric Guitar,Yi Chen,,,
Live Recording: Orchestra,International Master Philharmonic Orchestra,,,
16. Coronation,,,,♪ Jing.W
Live Recording: Wind Instruments,Sandro Friedrich,,,
Live Recording: Orchestra,International Master Philharmonic Orchestra,,,
17. The Edge Awakened,,,,♪ Fan
Live Recording: Vocal,Yiwei Xie,,,
Live Recording: Wind Instruments,Sandro Friedrich,,,
Live Recording: Orchestra,International Master Philharmonic Orchestra,,,
Live Recording: Bouzouki,Dimitris Papageorgiou,,,
18. Ballad of Revelations,,,,♪ Fan
Live Recording: Lyre,Giorgos Tabakis,,,
Live Recording: Choir,Deep Space Choir,,,
19. Hymn of Dawn,,,,♪ Fan
Live Recording: Wind Instruments,Sandro Friedrich,,,
Live Recording: Vocal,Alina Lesnik,,,
Live Recording: Orchestra,International Master Philharmonic Orchestra,,,
20. Aria of the Precipice,,,,♪ Aolin.Huang
Live Recording: Vocal,Alina Lesnik,,,
,,,,
21. Seeker of Divinity,,,,♪ Wandy.N
Live Recording: Ethnic Strings,Dimitris Papageorgiou,,,
Live Recording: Orchestra,International Master Philharmonic Orchestra,,,
Live Recording: Cello,Ping Zhang,,,
Live Recording: Choir,Honkai Choir,,,
,,,,
22. Lightless Dawncloud,,,,♪ Aolin.Huang
,,,,
,,,,
23. Rhyme of the Stream of Souls,,,,♪ Aolin.Huang
,,,,
,,,,
24. Lament on Stream of Souls,,,,♪ Aolin.Huang
Live Recording: Vocal,Yiwei Xie,,,
,,,,
25. Long Strides of Silence,,,,♪ Aolin.Huang
,,,,
,,,,
26. Chrysos,,,,"♪ Jing.W, Fan, Yj.W"
Live Recording: Orchestra,International Master Philharmonic Orchestra,,,
Splice Sounds,Sounds of KSHMR Vol. 3,Drum_Loops_Full -> Cinematic_Drum_Loops,KSHMR_Cinematic_Drum_Loop_18_128,
Splice Sounds,Sounds of KSHMR Vol. 3,Drum_Loops_Full -> Cinematic_Drum_Loops,KSHMR_Cinematic_Drum_Loop_36_128,
27. Back to the Start,,,,♪ Aolin.Huang
Native Instruments,Massive X,,,Kinda sounds like it
,,,,
28. Elegy of Netherwing,,,,♪ Sherry.S
Live Recording: Vocal,Alina Lesnik,,,
Live Recording: Choir,Honkai Choir,,,
Live Recording: Orchestra,International Master Philharmonic Orchestra,,,
Live Recording: Bouzouki,Dimitris Papageorgiou,,,
Live Recording: Cello,Ping Zhang,,,
29. Antlia Floriography,,,,♪ Jing.W
,,,,
,,,,
30. A Moment to Offer,,,,♪ Eli.W
Live Recording: Choir,Honkai Choir,,,
,,,,
31. Ballad of Silence,,,,♪ Fan
Live Recording: Lyre,Giorgos Tabakis,,,
Live Recording: Choir,Deep Space Choir,,,
32. Sowing of the Dragon's Fangs,,,,♪ Wandy.N
Live Recording: Lyre,Giorgos Tabakis,,,
Live Recording: Cello,Ping Zhang,,,
Live Recording: Orchestra,International Master Philharmonic Orchestra,,,
"33. Curtain Rise, Curtain Fall",,,,♪ Eli.W
EastWest,Symphonic Orchestra,Perc -> Metals,Orch chimes,
Heavyocity,Damage 2,,,To be found
,,,,
34. Holy City's Twilight,,,,♪ Wandy.N
Live Recording: Cello,Ping Zhang,,,
Live Recording: Orchestra,International Master Philharmonic Orchestra,,,
,,,,
35. Ballad of Hope,,,,♪ Fan
Live Recording: Lyre,Giorgos Tabakis,,,
Live Recording: Choir,Deep Space Choir,,,
,,,,
36. Spontaneous Poetry,,,,♪ Aolin.Huang
Live Recording: Orchestra,International Master Philharmonic Orchestra,,,
,,,,
37. What Lies Before,,,,♪ Aolin.Huang
Live Recording: Lyre,Giorgos Tabakis,,,
Live Recording: Wind Instruments,Sandro Friedrich,,,
,,,,
38. Between the Text,,,,♪ Aolin.Huang
,,,,
,,,,
39. Elegy of the Nether,,,,♪ Wandy.N
Live Recording: Vocal,VIOMEAT,,,
,,,,
40. New Page,,,,♪ Eli.W
Heavyocity,Damage 2,D2 Loop Designer -> 01 All Star Loops (STR),All Star - Manhattan Car Chase (STR),G4
,,,,
41. Boundless Strides,,,,♪ Yj.W
Live Recording: Orchestra,International Master Philharmonic Orchestra,,,
,,,,
42. Gloomseeker,,,,♪ Zheng.L
Live Recording: Orchestra,International Master Philharmonic Orchestra,,,
,,,,Avenger-core synths
43. Narration of Clouds and Snow,,,,♪ Zheng.L
Live Recording: Orchestra,International Master Philharmonic Orchestra,,,
Heavyocity,Damage 2,D2 Loop Designer -> 01 All Star Loops (STR),All Star - Manhattan Car Chase (STR),"C2, C4, F4"
Native Instruments,Rise & Hit,,,To be found
44. Daythunder Rhapsody,,,,♪ Aolin.Huang
Live Recording: Wind Instruments,Sandro Friedrich,,,
Live Recording: Orchestra,International Master Philharmonic Orchestra,,,
Heavyocity,Damage 2,D2 Loop Designer -> 01 All Star Loops (STR),All Star - Manhattan Car Chase (STR),"C1, F4"
Native Instruments,Rise & Hit,,,To be found
,,,,
45. Passing of Thunder,,,,♪ Duke.Killers
Live Recording: Orchestra,International Master Philharmonic Orchestra,,,
,,,,
46. Sunslayer,,,,♪ Yj.W
Live Recording: Orchestra,International Master Philharmonic Orchestra,,,
Live Recording: Choir,Honkai Choir,,,
,,,,
47. Solar Flare of Broken Wings,,,,♪ Yj.W
Live Recording: Cello,Ping Zhang,,,
Live Recording: Orchestra,International Master Philharmonic Orchestra,,,
,,,,
48. Afterglow in Dust,,,,♪ Yj.W
Live Recording: Vocal,Alessandra Psamathes,,,
Live Recording: Orchestra,International Master Philharmonic Orchestra,,,
Live Recording: Choir,Budapest Scoring Choir,,,
,,,,
49. Proi Proi,,,,"♪ Eli.W, Fan"
Live Recording: Vocal,NIDA,,,
Live Recording: Electric Guitar,SifuLee,,,
Live Recording: Electric Bass,Yiheng Xuan,,,
Live Recording: Drums,Weiming Chu,,,
Live Recording: Choir,"Fan, TSAR, Jing.W, Yj.W, Eli.W",,,
Live Recording: Orchestra,International Master Philharmonic Orchestra,,,
Splice Sounds,Sounds of KSHMR Vol. 3,Drum_Loops_Full -> Cinematic_Drum_Loops,KSHMR_Cinematic_Drum_Loop_41_128,
,,,,
,,,,
,,,,
,,,,
Allegory of the Cave (Part 3),,,,
,,,,
,,,,
,,,,
1. NAME == Entelechy,,,,♪ TSAR
,,,,
,,,,
2. Maze,,,,♪ Jing.W
Live Recording: Orchestra,Art of Loong Orchestra,,,
Live Recording: Orchestra,International Master Philharmonic Orchestra,,,
Live Recording: Ethnic Wind Instruments,Sandro Friedrich,,,
3. Homeland,,,,♪ Wandy.N
,,,,
,,,,
4. Elysiae Melody,,,,♪ Wandy.N
Live Recording: Violin,Peng Li,,,
,,,,
5. Ode of the Verdant,,,,♪ Yj.W
Live Recording: Ethnic Wind Instruments,Sandro Friedrich,,,
Live Recording: Bouzouki,Dimitris Papageorgiou,,,
6. Sacred Grove,,,,♪ Yj.W
Live Recording: Ethnic Wind Instruments,Sandro Friedrich,,,
,,,,
7. Promise of Tomorrow,,,,♪ Wandy.N
Live Recording: Orchestra,Art of Loong Orchestra,,,
,,,,
8. When Darkness Spreads,,,,"♪ TSAR, Yj.W"
Live Recording: Vocal,TSAR,,,
Live Recording: Cello,Ping Zhang,,,
Live Recording: Orchestra,International Master Philharmonic Orchestra,,,
9. Infernal Blaze,,,,♪ Yj.W
Live Recording: Viola,Haifeng Yu,,,
Live Recording: Electric Guitar,Yi Chen,,,
Live Recording: Orchestra,Art of Loong Orchestra,,,
Live Recording: Orchestra,International Master Philharmonic Orchestra,,,
10. When The Wind Was Warm,,,,♪ Aolin.Huang
Live Recording: Ethnic Wind Instruments,Sandro Friedrich,,,
Live Recording: Lyre,Giorgos Tabakis,,,
Live Recording: Orchestra,International Master Philharmonic Orchestra,,,
11. Beneath the Bubbles,,,,♪ Aolin.Huang
Live Recording: Ethnic Wind Instruments,Sandro Friedrich,,,
Live Recording: Orchestra,International Master Philharmonic Orchestra,,,
12. Frozen Tides (feat. Alkyone),,,,♪ Fan
Live Recording: Vocal,Alkyone,,,
Live Recording: Orchestra,International Master Philharmonic Orchestra,,,
Live Recording: Choir,Honkai Choir,,,
Live Recording: Harp,Liwei Huang,,,
13. Migratory Hope (feat. Alkyone),,,,♪ Fan
Live Recording: Vocal,Alkyone,,,
Live Recording: Orchestra,International Master Philharmonic Orchestra,,,
Live Recording: Choir,Honkai Choir,,,
Live Recording: Harp,Liwei Huang,,,
Live Recording: Ethnic Wind Instruments,Sandro Friedrich,,,
14. Sweet Dreams and Feasts (feat. Alkyone),,,,♪ Yj.W
Live Recording: Vocal,Alkyone,,,
,,,,
15. The Looming Curtains,,,,♪ Yj.W
Vengeance Sound,VPS Avenger,BigTone -> Arp,AR Glowflies,
Vengeance Sound,VPS Avenger,BigTone -> Arp,AR One Finger Ambient Sines,
Vengeance Sound,VPS Avenger,BigTone -> Arp,AR Transmorph,
,,,,
16. A Journey for the Past,,,,"♪ Eli.W, Wandy.N"
Live Recording: Orchestra,International Master Philharmonic Orchestra,,,
Live Recording: Ethnic Wind Instruments,Sandro Friedrich,,,
17. Face of a Stranger,,,,♪ Wandy.N
,,,,
,,,,
18. The Long Road Through Evernight,,,,♪ Wandy.N
,,,,
,,,,
19. Passing the Torch,,,,♪ Wandy.N
Live Recording: Orchestra,International Master Philharmonic Orchestra,,,
Live Recording: Choir,Honkai Choir,,,
Live Recording: Ethnic Wind Instruments,Sandro Friedrich,,,
20. Conqueror's Contemplation,,,,♪ Aolin.Huang
Live Recording: Orchestra,International Master Philharmonic Orchestra,,,
Live Recording: Ethnic Wind Instruments,Sandro Friedrich,,,
21. Starlight Serenade,,,,♪ Jing.W
Live Recording: Lyre,Giorgos Tabakis,,,
,,,,
22. Vector Thirteen,,,,♪ Yj.W
,,,,
,,,,
23. Matrix,,,,♪ Eli.W
,,,,
,,,,
24. Mythical Axiom,,,,♪ Jing.W
Epic Stock Media,Digital Elements,Sci_fi -> Particles_Computer,Scifi Processor Computer Computing 4 Loading,
,,,,
25. Buffer Zone,,,,♪ Eli.W
,,,,
,,,,
26. Overflowing Core,,,,♪ Eli.W
,,,,
,,,,
27. Forging Tomorrow,,,,♪ Jing.W
Live Recording: Orchestra,International Master Philharmonic Orchestra,,,
Live Recording: Ethnic Wind Instruments,Sandro Friedrich,,,
Xfer Records,Serum,Virtual Riot: Serum Presets for PRESET JUNKIES,V_RIOT_serum_arpeggio_hyperspace,Sub disabled
28. Flowing Memories,,,,♪ Jing.W
,,,,
,,,,
29. Unholy Blood,,,,♪ Aolin.Huang
Live Recording: Vocal,Aolin.Huang,,,
Native Instruments,Rise & Hit,01 - Orchestral,Bowed To Burst,
30. Phase Shift,,,,♪ Eli.W
,,,,
,,,,
31. Stalled Flight,,,,"♪ Eli.W, Yj.W"
,,,,
,,,,
32. Tranquil Dream,,,,♪ Yj.W
Live Recording: Bouzouki,Dimitris Papageorgiou,,,
,,,,
33. Nameless Healing,,,,"♪ Eli.W, Yj.W"
Live Recording: Harp,Liwei Huang,,,
,,,,
34. Mind and Soul,,,,"♪ Eli.W, Wandy.N"
Live Recording: Orchestra,International Master Philharmonic Orchestra,,,
Live Recording: Ethnic Wind Instruments,Sandro Friedrich,,,
35. In the Name of All Worlds,,,,♪ Duke.Killers
Live Recording: Hurdy Gurdy,Jiali Zhang,,,
Live Recording: Ethnic Wind Instruments,Sandro Friedrich,,,
36. Remembrance of the Heart,,,,"♪ Fan, Jing.W"
Live Recording: Violin,Qin Zhang,,,
Live Recording: Cello,Yi Sun,,,
Live Recording: Flute,Xiaohua Cheng,,,
37. Clash of Time Rift,,,,♪ Jing.W
,,,,
,,,,
38. Echoes of Dragon,,,,"♪ Jing.W, Vinchi"
Live Recording: Orchestra,International Master Philharmonic Orchestra,,,
Live Recording: Ethnic Wind Instruments,Sandro Friedrich,,,
39. Flawless Ichor,,,,♪ Jing.W
Live Recording: Orchestra,International Master Philharmonic Orchestra,,,
,,,,
40. Golden Desires,,,,"♪ Fan, Jing.W"
Live Recording: Vocal,Alina Lesnik,,,
,,,,
41. The End of Gods,,,,♪ Yj.W
Live Recording: Choir,Honkai Choir,,,
Live Recording: Orchestra,International Master Philharmonic Orchestra,,,
42. Virus,,,,♪ Aolin.Huang
,,,,
,,,,
43. Mirage,,,,♪ Yj.W
Live Recording: Bouzouki,Dimitris Papageorgiou,,,
,,,,
44. Mirage of Regrets,,,,♪ Yj.W
Live Recording: Orchestra,International Master Philharmonic Orchestra,,,
Live Recording: Choir,Honkai Choir,,,
Live Recording: Ethnic Strings,Dimitris Papageorgiou,,,
Live Recording: Ethnic Wind Instruments,Sandro Friedrich,,,
45. Tomb of Blades (feat. Alexia Evellyn),,,,♪ Yj.W
Live Recording: Vocal,Alexia Evellyn,,,
Live Recording: Orchestra,International Master Philharmonic Orchestra,,,
Live Recording: Choir,Honkai Choir,,,
46. Immolation of the Heavens,,,,♪ Yj.W
Live Recording: Orchestra,International Master Philharmonic Orchestra,,,
Live Recording: Choir,London Voice,,,
Live Recording: Electric Guitar,"Li Li@NYE Studio, SifuLee",,,
47. Agony Converging into River (feat. Alexia Evellyn),,,,♪ Yj.W
Live Recording: Vocal,Alexia Evellyn,,,
Live Recording: Orchestra,International Master Philharmonic Orchestra,,,
Live Recording: Choir,London Voice,,,
48. An Eternal Page,,,,♪ Jing.W
,,,,
,,,,
49. A World of Deep Love,,,,♪ Jing.W
Live Recording: Vocal,Alina Lesnik,,,
Live Recording: Orchestra,International Master Philharmonic Orchestra,,,
Live Recording: Cello,Yi Sun,,,
Live Recording: Ethnic Wind Instruments,Sandro Friedrich,,,
50. Era Nova (feat. Alexia Evellyn),,,,♪ Yj.W
Live Recording: Vocal,Alexia Evellyn,,,
Live Recording: Orchestra,International Master Philharmonic Orchestra,,,
Live Recording: Choir,London Voice,,,
Live Recording: Child Vocal,王荣麟@亚洲爱乐乐团少年合唱团,,,
51. Shatter the God's Crown (feat. Alexia Evellyn),,,,♪ Yj.W
Live Recording: Vocal,Alexia Evellyn,,,
Live Recording: Cello,Ping Zhang,,,
Live Recording: Choir,London Voice,,,
Live Recording: Electric Guitar,Jersey Wu,,,
52. To the World,,,,"♪ Fan, Jing.W"
Live Recording: Vocal,Alina Lesnik,,,
Live Recording: Orchestra,International Master Philharmonic Orchestra,,,
,,,,
,,,,
,,,,
,,,,
Astral Theater Vol.3,,,,
,,,,
,,,,
,,,,
1. Sweat and Sunshine,,,,♪ Zheng.L
Live Recording: Ethnic Wind Instruments,Sandro Friedrich,,,
Live Recording: Lyre,Giorgos Tabakis,,,
Live Recording: Orchestra,International Master Philharmonic Orchestra,,,
2. Protean Hero,,,,♪ Aolin.Huang
Live Recording: Vocal,Yiwei Xie,,,
,,,,
3. Weightless Chaos,,,,♪ Zheng.L
Live Recording: Orchestra,International Master Philharmonic Orchestra,,,
Live Recording: Ethnic Wind Instruments,Sandro Friedrich,,,
Live Recording: Lyre,Giorgos Tabakis,,,
4. Universal Kaleidoscope,,,,♪ Zheng.L
,,,,
,,,,
5. Catapult Launch,,,,♪ Zheng.L
,,,,
,,,,
6. Hero of Justice,,,,♪ Zheng.L
,,,,
,,,,
7. Night of the Holy Grail,,,,"♪ Yj.W, Zheng.L"
Live Recording: Orchestra,Art of Loong Orchestra,,,
Live Recording: Violin,Yiying Zhang,,,
Live Recording: Cello,Xiaolong Chen,,,
8. Utopia,,,,♪ Yj.W
Live Recording: Orchestra,International Master Philharmonic Orchestra,,,
,,,,
9. Victory Above All,,,,♪ Zheng.L
Live Recording: Orchestra,Art of Loong Orchestra,,,
Live Recording: Orchestra,International Master Philharmonic Orchestra,,,
Live Recording: Violin,Yiying Zhang,,,
10. Pierce the Darkness,,,,♪ Aolin.Huang
Live Recording: Orchestra,Art of Loong Orchestra,,,
Live Recording: Orchestra,International Master Philharmonic Orchestra,,,
Live Recording: Electric Guitar,Jersey Wu (HOYO-MiX),,,
11. The Wind Be With You,,,,♪ Yj.W
,,,,
,,,,
12. Wingflap,,,,♪ Wandy.N
,,,,
,,,,
13. Dreamjoy Realm,,,,♪ Aolin.Huang
Live Recording: Orchestra,International Master Philharmonic Orchestra,,,
Live Recording: Ethnic Wind Instruments,Sandro Friedrich,,,
Live Recording: Lyre,Giorgos Tabakis,,,
14. The Gentle Earth,,,,♪ Aolin.Huang
Live Recording: Orchestra,International Master Philharmonic Orchestra,,,
,,,,
15. Divine Judgment,,,,♪ Aolin.Huang
,,,,
,,,,
16. Warm Up,,,,♪ Eli.W
,,,,
,,,,
17. Neck-And-Neck,,,,♪ Eli.W
,,,,
,,,,
18. Fame and Fortune,,,,♪ Aolin.Huang
Spectrasonics,Omnisphere 2,Pads + Strings,Holy of Holys Pad,
,,,,
19. Invisible Hand,,,,♪ Aolin.Huang
Live Recording: Orchestra,International Master Philharmonic Orchestra,,,
,,,,
20. Playful Moments,,,,♪ Yonghui.C
Live Recording: Orchestra,International Master Philharmonic Orchestra,,,
Live Recording: Violin,Qin Zhang,,,
Live Recording: Ethnic Wind Instruments,Sandro Friedrich,,,
Live Recording: Bouzouki,Dimitris Papageorgiou,,,
Live Recording: Accordion,Xiaonan Xu,,,
21. Corridor of Memorial Dreams,,,,♪ Aolin.Huang
,,,,
,,,,
22. Theophany,,,,♪ Aolin.Huang
,,,,
,,,,
23. Dream of Gnawing,,,,♪ Aolin.Huang
Live Recording: Orchestra,International Master Philharmonic Orchestra,,,
Live Recording: Choir,Honkai Choir,,,
24. Void Walk,,,,♪ Aolin.Huang
Live Recording: Orchestra,International Master Philharmonic Orchestra,,,
,,,,
25. Nightmarish Omen,,,,♪ Han.J
,,,,
,,,,
,,,,
,,,,
,,,,
,,,,
Let There Be Laughter (Part 1),,,,
,,,,
,,,,
,,,,
1. Comedy Symphony,,,,♪ Fan
Live Recording: Orchestra,Art of Loong Orchestra,,,
Live Recording: Vocal,"Vane, Fan, Eli.W",,,
Apple,iLife Sound Effects,Foley,Walkie Talkie Garble,
Apple,iLife Sound Effects,Machines,Record Player Scratching,
Apple,iLife Sound Effects,Machines,Tape Rewinding 01,
Apple,iLife Sound Effects,Machines,Tape Rewinding 02,
Apple,iLife Sound Effects,Machines,Tape Rewinding 03,
Arturia,ARP 2600 V3,Sequences,Pop Corn,
Dharma Studio,Sounds of KSHMR Vol. 4 Complete Edition,Drum Loops -> Drum Loops - Main -> Marching Snare Loops,KSHMR Marching Snare Loop 29 - 128BPM,
"2. Morning, Planarcadia!",,,,♪ Yj.W
reFX,Nexus,NuDisco -> Arpeggio,AR Funky Guitar Lick 1,"Render at A2 (FL: A4), pitch up 7 semitones"
Vengeance Sound,VPS Avenger,EDM 1 -> Sequences,SQ Adrenaline,
Vengeance Sound,VPS Avenger,Synthwave -> Synth,SN 80s Superflute,
3. Soothing Waves,,,,"♪ Yj.W, TSAR"
,,,,
,,,,
4. Shopping Channel,,,,♪ Fan
Live Recording: Orchestra,International Master Philharmonic Orchestra,,,
Apple,iLife Sound Effects,Foley,Walkie Talkie Garble,
5. Vital Infusion,,,,♪ Bojack
Live Recording: Vocal,Eva Zuo,,,
Toontrack,EZdrummer 2,EZdrummer 2 Modern,Basic,
6. Daylight Diner,,,,♪ Yj.W
,,,,
,,,,
7. Where We Part Ways,,,,♪ Sean
Live Recording: Clarinet,Dan Wu,,,
Live Recording: Violin,Keren Hu,,,
Live Recording: Viola,Qingqing Yu,,,
Live Recording: Cello,Xiaolong Chen,,,
8. Reasons to Live Here,,,,"♪ Yj.W, TSAR"
,,,,
,,,,
9. Seeds of Artistry,,,,"♪ Yj.W, Eli.W"
,,,,
,,,,
10. Pen-Point Fantasy,,,,"♪ Yj.W, Eli.W"
,,,,
,,,,
11. Dust and Secrets,,,,♪ Eli.W
,,,,
,,,,
12. Misted Mysteries,,,,"♪ Jing.W, TSAR"
,,,,
,,,,
13. Faded Memories,,,,♪ Eli.W
,,,,
,,,,
14. Crystal Sweatdrops,,,,♪ Yonghui.C
,,,,
,,,,
15. World's End Tavern,,,,♪ Duke.Killers
Live Recording: Vocal,Eva Zuo,,,
Live Recording: Saxophone,Shihai Li,,,
,,,,
16. Paramount Bliss,,,,♪ Yj.W
,,,,
,,,,
17. Savor the Moment,,,,♪ Jing.W
,,,,
,,,,
18. Bone Marrow,,,,♪ Jing.W
,,,,
,,,,
19. Rare Treasure,,,,♪ Wandy.N
Live Recording: Flute,Xiaolong Chen,,,
Live Recording: Violin,Qin Zhang,,,
20. Dark Alley,,,,♪ Duke.Killers
Live Recording: Orchestra,International Master Philharmonic Orchestra,,,
Live Recording: Flute,Xiaolong Chen,,,
Live Recording: Trumpet,Xunji Yang,,,
21. The Dark Side of Light,,,,♪ Duke.Killers
Live Recording: Orchestra,Art of Loong Orchestra,,,
Live Recording: Clarinet,Dan Wu,,,
22. A Dream Among Flowers,,,,♪ Fan
Live Recording: Orchestra,Art of Loong Orchestra,,,
Live Recording: Vocal,Chengzhen Meng,,,
23. Water-Mirrored Moon,,,,♪ Fan
Live Recording: Orchestra,Art of Loong Orchestra,,,
Live Recording: Vocal,Chengzhen Meng,,,
24. Woe and Weal,,,,♪ Jing.W
Live Recording: Orchestra,International Master Philharmonic Orchestra,,,
,,,,
25. Trigram of Incompletion,,,,♪ Jing.W
Live Recording: Orchestra,International Master Philharmonic Orchestra,,,
,,,,
26. Game Time!,,,,♪ Yj.W
Dharma Studio,Sounds of KSHMR Vol. 4 Complete Edition,Drum Loops -> Drum Loops - Main -> Breakbeat Loops,KSHMR Breakbeat 05 - 96BPM - Full,
reFX,Nexus,Artist Series - 7 Skies -> Arpeggio,AR 80s Fantasy Movie,
reFX,Nexus,Chiptune -> Arpeggio,AR Chord Fall (MW min-maj),
reFX,Nexus,Deep House -> Arpeggio,AR Chilling Squares,
reFX,Nexus,Studio Production 1 -> Drumloop,DL That Hi-Hat 7 (Mod=Sample),
Splice Sounds,Sounds of KSHMR Vol. 2,Fills -> 128BPM Short Fills,KSHMR Short Fill 128BPM 08,
Splice Sounds,Sounds of KSHMR Vol. 3,Drum_Loops_Full -> Break_Beat_Loops,KSHMR_Break_Beat_Loop_07_145,
Splice Sounds,Sounds of KSHMR Vol. 3,Drum_Loops_Full -> Break_Beat_Loops,KSHMR_Break_Beat_Loop_12_170,
Vengeance Sound,VPS Avenger,8 Bit Era -> Bass,BA Modern Sid,
Vengeance Sound,VPS Avenger,8 Bit Era -> FX,FX Mad LFO,
Vengeance Sound,VPS Avenger,8 Bit Era -> Plucked,PL GB Bitpike,
Vengeance Sound,VPS Avenger,16 Bit Era -> Arp,AR Bassline Chip-Split,
Vengeance Sound,VPS Avenger,16 Bit Era -> Sequences,SQ Newsflash,Drums muted
Vengeance Sound,VPS Avenger,Factory -> Organ,OR Organ 90s,
Vengeance Sound,VPS Avenger,Future Pop -> Leads,LD Cream Sword,
27. Up-Up-Down-Down-Left-Left-Right-Right,,,,♪ Yj.W
reFX,Nexus,Chiptune -> Arpeggio,AR Chord Fall (MW min-maj),
Splice Sounds,Sounds of KSHMR Vol. 3,Drum_Loops_Full -> Break_Beat_Loops,KSHMR_Break_Beat_Loop_19_180,
Vengeance Sound,VPS Avenger,8 Bit Era -> Leads,LD Low Resolution Crunch,
Vengeance Sound,VPS Avenger,Factory -> Sequences,SQ Trance Hero Sq 1,
28. Soaring Beyond the Skyline,,,,♪ Yonghui.C
Live Recording:: Saxophone,Yanxin Zhang,,,
Live Recording: Electric Guitar,SifuLee,,,
,,,,
29. Most Wanted,,,,♪ Yonghui.C
,,,,
,,,,
30. Daydream,,,,♪ Eva Zuo
,,,,
,,,,
31. Magic Zone,,,,♪ Eva Zuo
,,,,
,,,,
32. Midnight Blur,,,,♪ Eva Zuo
,,,,
,,,,
33. Tutorial,,,,♪ Eli.W
,,,,
,,,,
34. Maximum Firepower,,,,♪ Eva Zuo
,,,,
,,,,
35. Embarrassment,,,,♪ Duke.Killers
,,,,
,,,,
36. Congealed Air,,,,♪ Duke.Killers
Live Recording: Orchestra,Art of Loong Orchestra,,,
Live Recording: Trumpet,Boyan Mao,,,
Live Recording: Trombone,Kan Cao,,,
,,,,
37. Chatter,,,,♪ Sean
,,,,
,,,,
38. Held Breath,,,,♪ Yonghui.C
,,,,
,,,,
39. A Walk in Paradise,,,,♪ Aolin.Huang
Live Recording: Vocal,Aolin.Huang,,,
,,,,
40. Terminal of Life,,,,♪ Sean
Live Recording: Orchestra,Art of Loong Orchestra,,,
Live Recording: Clarinet,Dan Wu,,,
Live Recording: Violin,Keren Hu,,,
,,,,
41. All for the Show,,,,"♪ Jing.W, TSAR"
Live Recording: Meow Vocal,Soki,,,
,,,,
42. Flash of Inspiration,,,,"♪ Jing.W, TSAR"
,,,,
,,,,
43. Internet Meme,,,,♪ Han.J
,,,,
,,,,
44. Perfect Idol,,,,♪ Han.J
,,,,
,,,,
,,,,
,,,,
,,,,
,,,,
Unreleased Soundtrack,,,,
,,,,
Anomaly Arbitration Theme,,,,
Spectrasonics,Omnisphere 2,Textures Soundscape,Call of the North,
First Himeko Encounter,,,,
Xfer Records,Serum,Pads,PD Defiant [BR],
Xfer Records,Serum,Plucked,PL Modern Drop 1 [DRK],
Forgotten Hall Theme,,,,
Heavyocity,Damage,02 Percussive Kits -> 01 Epic Organic Drums,PERC Church Snares,
Native Instruments,Action Strikes,Action Strikes - Ensemble,Dark City,
Shiftmation!,,,,
Sample: Toby Fox,UNDERTALE,,snd_pombark,"Source is ""8 week old Pomeranian puppies!"""
Splice Sounds,Sounds of KSHMR Vol. 3,Video_Game_FX -> Game_FX,KSHMR_Game_FX_04_Beam_Me_Up,
Splice Sounds,Sounds of KSHMR Vol. 3,Video_Game_FX -> Game_Music_FX ,Game_Music_FX_06_New_Ability_Acquired!_F,
Star Rabbit,,,,
Sample Magic,Chiptune,drum loops,ct_drm128_frenchie_top,
Sample Magic,Chiptune,drum loops,ct_drm140_dillon_ful,
Sample Magic,Chiptune,drum loops,ct_drm140_karma_ful,
Sample Magic,Chiptune,synth shots -> bass,ct_bs_funk1_C,+7 semitones
Crises (ver. 2),,,,♪ Eli.W
Native Instruments,Action Strikes,Action Strikes - Ensemble,Dark City,
,,,,
,,,,
,,,,
,,,,
,,,,
